1.60E7 8.14 9.32
2.57E7 12.42 9.56
1.84E6 22.90 8.67
2.52E7 14.44 9.49
8.29E7 8.05 10.48
8.43E6 7.27 10.14
1.64E7 15.67 10.79
9.35E6 10.99 11.46
1.47E6 10.67 9.28
3.95E7 7.34 9.95
2.54E7 7.91 9.99
3.09E7 27.99 9.92
4.75E7 8.23 10.30
7.58E4 7.90 7.59
1.04E4 13.38 6.35
1.24E7 6.86 10.04
5.91E7 9.11 10.17
3.38E5 21.07 7.57
2.38E5 8.27 6.87
1.89E6 9.07 8.96
7.69E6 20.60 8.58
1.13E6 15.35 9.34
2.81E4 63.98 6.36
1.82E7 11.09 10.03
3.16E7 12.82 9.50
3.76E7 13.32 9.83
2.79E6 47.44 8.20
1.84E6 11.68 8.70
1.93E7 6.82 10.24
7.08E7 12.08 10.69
1.89E7 12.70 9.38
4.04E7 7.52 10.49
7.56E5 12.46 8.31
4.65E7 13.22 9.46
2.67E6 14.51 8.36
5.83E7 9.45 9.56
7.23E7 11.64 10.30
3.11E7 11.81 9.44
9.56E6 11.95 8.76
1.58E7 6.72 10.00
3.30E7 5.98 10.02
2.06E7 17.07 11.03
1.99E6 14.87 8.72
3.48E7 9.40 9.76
4.45E7 9.86 10.52
5.64E6 11.28 10.34
4.31E6 8.08 9.94
5.39E7 8.21 10.55
3.06E6 43.26 7.79
8.50E4 25.68 8.29
6.62E7 15.15 9.98
3.73E6 12.30 8.70
2.78E7 7.68 10.07
6.05E6 9.06 10.02
7.27E7 6.24 9.96
1.05E8 8.57 10.56
6.41E6 13.41 9.00