2.393125694990158259e+00 -1.118319178447530859e+01 4.508425619519670358e-01 3.187938328037520086e-01 2.000000000000000000e+00
3.278305298089980724e+00 -1.024933175313541156e+01 1.857426565683235886e-01 8.306664128163386562e-02 5.000000000000000000e+00
4.163484901189804077e+00 -9.307534183061104471e+00 2.203516527323779450e-01 4.808467276927356343e-02 2.100000000000000000e+01
5.048664504289627430e+00 -8.259781246244603636e+00 4.801514291559904057e-01 4.537004547139280447e-02 1.120000000000000000e+02
5.933844107389449896e+00 -6.862338860989453337e+00 3.344220439078924301e-01 1.510764797882538715e-02 4.900000000000000000e+02
6.819023710489273249e+00 -5.958222429692835220e+00 2.671271771898291458e-01 6.461703757042101814e-03 1.709000000000000000e+03
7.704203313589096602e+00 -5.275835586512426900e+00 3.520076352291550137e-01 6.116555483618646948e-03 3.312000000000000000e+03
8.589382916688919067e+00 -3.043947079410251444e+00 9.399132375947245599e-01 1.003834836023861574e-02 8.767000000000000000e+03
9.474562519788742421e+00 -2.490922759556688515e+00 4.108710476305438286e-01 7.716653645549268956e-03 2.835000000000000000e+03
1.035974212288856577e+01 -2.267313451616075781e+00 1.260877046276271118e-01 7.184513751918471941e-03 3.080000000000000000e+02
