2.762511301040649236e+00 -9.264753610347201018e+00 1.109673827910461652e+00 7.846578886207213888e-01 2.000000000000000000e+00
3.597645902633667347e+00 -7.295402350124910562e+00 3.609126238578839740e-01 2.552037637457394981e-01 2.000000000000000000e+00
4.432780504226684570e+00 -6.618602086419057784e+00 6.285259531451314885e-01 1.033290301921940685e-01 3.700000000000000000e+01
5.267915105819701793e+00 -6.122750647065466012e+00 5.242678355432478510e-01 5.269090000450617206e-02 9.900000000000000000e+01
6.103049707412719904e+00 -5.244347669448568894e+00 6.423574437006085436e-01 5.409625552238458285e-02 1.410000000000000000e+02
6.938184309005737127e+00 -4.689381010731757726e+00 6.970597453839041391e-01 4.657426330961513677e-02 2.240000000000000000e+02
7.773318910598754350e+00 -3.855847590827778948e+00 5.631407857895731617e-01 4.319092664925993502e-02 1.700000000000000000e+02
8.608453512191772461e+00 -2.838383895175872418e+00 4.524621202534552800e-01 4.850903106630150702e-02 8.700000000000000000e+01
9.443588113784789684e+00 -1.823130677596565885e+00 3.237704495987523967e-01 5.322753403343512268e-02 3.700000000000000000e+01
1.027872271537780691e+01 -1.414008793854764967e+00 1.189496510271344398e+00 3.071266783101837539e-01 1.500000000000000000e+01
