1.676991665363311679e+00 -9.632206687907538978e+00 6.168756966426468535e-01 3.084378483213234268e-01 4.000000000000000000e+00
2.546827447414398371e+00 -8.690099634323436462e+00 3.257580697295978100e-01 8.143951743239945251e-02 1.600000000000000000e+01
3.416663229465484619e+00 -7.481645033819148694e+00 4.865747712788065504e-01 8.470179563139444701e-02 3.300000000000000000e+01
4.286499011516571755e+00 -6.140449886432903348e+00 3.573959161836803844e-01 2.287992900445862121e-02 2.440000000000000000e+02
5.156334793567657115e+00 -5.576991112597788458e+00 4.717430759893077585e-01 1.252317175025144565e-02 1.419000000000000000e+03
6.026170575618744252e+00 -5.159218578836706648e+00 5.869782435133049647e-01 1.236086124120704642e-02 2.255000000000000000e+03
6.896006357669831388e+00 -4.342861210103722946e+00 5.689272129136294653e-01 1.694707492025858062e-02 1.127000000000000000e+03
7.765842139720916748e+00 -3.418978309842161334e+00 6.062063399681453246e-01 3.249607078889951012e-02 3.480000000000000000e+02
8.635677921772003884e+00 -2.378143151947628819e+00 4.484994731603705320e-01 5.360594015926778422e-02 7.000000000000000000e+01
9.505513703823089244e+00 -1.168854062230023194e+00 3.562729918688308239e-01 1.028471538802314261e-01 1.200000000000000000e+01
