4.990169787406921742e+00 -1.269454098842151524e+01 1.657836428235660797e+00 3.384044438479626438e-01 2.400000000000000000e+01
5.683683228492736106e+00 -8.710582305132087200e+00 2.073482109310530230e+00 1.496406817462884731e-01 1.920000000000000000e+02
6.377196669578552246e+00 -6.450323967417989302e+00 4.028420208459483898e-01 1.984660188071917311e-02 4.120000000000000000e+02
7.070710110664368386e+00 -5.349390723514663826e+00 2.929359730117704341e-01 1.003582107050038190e-02 8.520000000000000000e+02
7.764223551750182750e+00 -4.842032217560601204e+00 3.378698276046800952e-01 4.993574298419411334e-03 4.578000000000000000e+03
8.457736992835998890e+00 -4.918122592843856999e+00 4.221069913671193219e-01 4.285626246730749392e-03 9.701000000000000000e+03
9.151250433921815031e+00 -4.201853499374585077e+00 4.196602206910241550e-01 5.876418490924404867e-03 5.100000000000000000e+03
9.844763875007629395e+00 -3.701026262489668817e+00 1.068076752624598669e+00 2.121774165573838550e-02 2.534000000000000000e+03
1.053827731609344553e+01 -4.253114954634826361e+00 2.040517441065209603e+00 6.974345032802774236e-02 8.560000000000000000e+02
1.123179075717925990e+01 -3.878648221281247199e+00 2.154108510913729013e+00 3.694265618651410565e-01 3.400000000000000000e+01
