5.435354232788085938e+00 -8.891874459803299047e+00 7.352146647304563798e-01 8.664587917644996085e-02 7.200000000000000000e+01
6.051156997680664062e+00 -7.652239843112988105e+00 5.685861664872051691e-01 2.745159880112690506e-02 4.290000000000000000e+02
6.666959762573242188e+00 -6.224324929703268339e+00 4.184792170788463883e-01 1.467670691481489861e-02 8.130000000000000000e+02
7.282762527465820312e+00 -5.135800686223101152e+00 3.145025980814157851e-01 8.405435494792324463e-03 1.400000000000000000e+03
7.898565292358398438e+00 -4.409479185069920426e+00 2.350701336301390665e-01 3.624622817207504011e-03 4.206000000000000000e+03
8.514368057250976562e+00 -4.450024553753142875e+00 4.113828891081340866e-01 3.851771390747576150e-03 1.140700000000000000e+04
9.130170822143554688e+00 -3.928691785306279272e+00 4.056407137858305534e-01 5.776037501743620101e-03 4.932000000000000000e+03
9.745973587036132812e+00 -3.202259600493318814e+00 2.990324678535476455e-01 6.276324888849284765e-03 2.270000000000000000e+03
1.036177635192871094e+01 -2.689804844858925126e+00 6.104032704305922818e-01 2.108603108939798021e-02 8.380000000000000000e+02
1.097757911682128906e+01 -2.407261368743468299e+00 6.773967819940035495e-01 6.083202681099920267e-02 1.240000000000000000e+02
