3.302293384075164706e+00 -9.080002234469951361e+00 6.786172030709711755e-01 1.599516087071107262e-01 1.800000000000000000e+01
3.871729147434234353e+00 -8.158626974988671066e+00 4.172987200285825926e-01 3.453588780018858329e-02 1.460000000000000000e+02
4.441164910793304443e+00 -7.101665218044774797e+00 3.187721610669078665e-01 1.925773052391247311e-02 2.740000000000000000e+02
5.010600674152374978e+00 -6.243251235425725909e+00 3.194730573995075984e-01 1.379913435556880640e-02 5.360000000000000000e+02
5.580036437511443737e+00 -5.502630751942604981e+00 2.616761676871236508e-01 7.557089736394536836e-03 1.199000000000000000e+03
6.149472200870514271e+00 -4.907077006701589639e+00 7.361616936825767787e-01 1.659015169271220447e-02 1.969000000000000000e+03
6.718907964229584806e+00 -4.146351002360343152e+00 1.093512576359901844e+00 5.594897064161884898e-02 3.820000000000000000e+02
7.288343727588653564e+00 -3.642060560742022002e+00 1.046074370045824153e+00 1.051344299469511717e-01 9.900000000000000000e+01
7.857779490947723211e+00 -3.518461017550482239e+00 1.010016068606468087e+00 2.915665245478959444e-01 1.200000000000000000e+01
8.427215254306792858e+00 -2.769288874790034605e+00 1.243238108615228599e-01 6.216190543076142994e-02 4.000000000000000000e+00
