3.584611439704894931e+00 -1.181227844659216331e+01 6.852081337605984146e-01 3.426040668802992073e-01 4.000000000000000000e+00
4.426078391075133567e+00 -1.017816876707319018e+01 4.387109646670804830e-01 7.755387452424611361e-02 3.200000000000000000e+01
5.267545342445373535e+00 -8.485842968631388317e+00 6.170881623373255520e-01 5.704982078946341933e-02 1.170000000000000000e+02
6.109012293815613504e+00 -6.633844647589983268e+00 5.549658948324740493e-01 2.846914971218423435e-02 3.800000000000000000e+02
6.950479245185851696e+00 -4.685868685968706870e+00 5.986201492927766266e-01 1.981143537644443689e-02 9.130000000000000000e+02
7.791946196556091664e+00 -1.306100938482707363e+00 1.107840148314064521e+00 1.388275222689287422e-02 6.368000000000000000e+03
8.633413147926331632e+00 -2.158965102787750445e-01 5.942809607928548621e-01 5.847681390875728025e-03 1.032800000000000000e+04
9.474880099296569824e+00 9.189972972392493888e-01 3.937325591992335561e-01 5.931025680004870480e-03 4.407000000000000000e+03
1.031634705066680979e+01 1.590191306285845929e+00 8.550117689800369458e-01 2.234609055388892332e-02 1.464000000000000000e+03
1.115781400203704798e+01 1.889439865176727462e+00 1.508208798201519540e+00 1.686228698520930158e-01 8.000000000000000000e+01
