5.193830084800720392e+00 -8.337767190070126233e+00 4.891951731734688336e-01 7.212789327422990115e-02 4.600000000000000000e+01
5.757779812812804821e+00 -7.336929145803100738e+00 3.170881253881088768e-01 2.597687139354827590e-02 1.490000000000000000e+02
6.321729540824890137e+00 -6.570249427482072413e+00 2.435807068218558691e-01 1.287364037794067051e-02 3.580000000000000000e+02
6.885679268836975453e+00 -5.973621354815334961e+00 2.053953893810729625e-01 6.667416482341692423e-03 9.490000000000000000e+02
7.449628996849059881e+00 -5.544288145941416168e+00 1.447987616157729029e-01 4.064751842092535587e-03 1.269000000000000000e+03
8.013578724861144309e+00 -5.123884502074918856e+00 4.433618066098045096e-01 1.047636172414103360e-02 1.791000000000000000e+03
8.577528452873231402e+00 -3.242474497131123456e+00 9.827906663187566672e-01 1.704118930219404582e-02 3.326000000000000000e+03
9.141478180885314941e+00 -2.628463807789205298e+00 6.007086904647787051e-01 1.373429685074086318e-02 1.913000000000000000e+03
9.705427908897400258e+00 -2.412587616943076885e+00 2.346030379856688108e-01 1.093842304747105754e-02 4.600000000000000000e+02
1.026937763690948557e+01 -2.280117041296997993e+00 3.144914835872854031e-01 3.842124980464874107e-02 6.700000000000000000e+01
