3.302293384075164706e+00 -1.127132474293678399e+01 7.061840447737913751e-01 1.664491756084308105e-01 1.800000000000000000e+01
3.871729147434234353e+00 -9.866151242548081512e+00 5.469580368569052498e-01 4.526656921211658080e-02 1.460000000000000000e+02
4.441164910793304443e+00 -8.212511507364157026e+00 5.026296649999053567e-01 3.036496853895884196e-02 2.740000000000000000e+02
5.010600674152374978e+00 -6.657341504976794333e+00 5.383359618095535648e-01 2.325257198811231038e-02 5.360000000000000000e+02
5.580036437511443737e+00 -5.054686516140606933e+00 5.051980072162298718e-01 1.457167226819062328e-02 1.202000000000000000e+03
6.149472200870514271e+00 -3.961658263533080593e+00 6.359760974989286941e-01 1.425654388386421445e-02 1.990000000000000000e+03
6.718907964229584806e+00 -2.750091175200511717e+00 1.047618159724594156e+00 5.339156528026932358e-02 3.850000000000000000e+02
7.288343727588653564e+00 -1.681757547985747836e+00 1.015660903061182951e+00 1.015660903061182951e-01 1.000000000000000000e+02
7.857779490947723211e+00 -7.353450703048475257e-01 7.051463652118543646e-01 2.035582218865751580e-01 1.200000000000000000e+01
8.427215254306792858e+00 5.899187497944957670e-01 4.049411001027037882e-01 2.024705500513518941e-01 4.000000000000000000e+00
