3.533192849159240811e+00 -8.687848911516351080e+00 5.978677014306145177e-01 7.095384220843722889e-02 7.100000000000000000e+01
4.097073245048523660e+00 -7.649000067615905785e+00 3.748956122466259311e-01 2.516134602324919187e-02 2.220000000000000000e+02
4.660953640937805176e+00 -6.734673897146822519e+00 3.266818117775008301e-01 1.594044019723110314e-02 4.200000000000000000e+02
5.224834036827086692e+00 -5.861930756081912719e+00 2.874774824114442184e-01 9.866201654770983751e-03 8.490000000000000000e+02
5.788714432716369984e+00 -5.191060913503518393e+00 4.630535346981538014e-01 9.240763328225289758e-03 2.511000000000000000e+03
6.352594828605651500e+00 -4.372790701437383021e+00 9.879824049700792754e-01 2.546718600755026179e-02 1.505000000000000000e+03
6.916475224494933016e+00 -3.755839513532556850e+00 1.057881732792432361e+00 6.008364493732532008e-02 3.100000000000000000e+02
7.480355620384216309e+00 -3.214608029763831976e+00 8.397724797756686010e-01 8.755233328084011113e-02 9.200000000000000000e+01
8.044236016273497825e+00 -3.274117304978315435e+00 9.656233672942027280e-01 2.678157356588803939e-01 1.300000000000000000e+01
8.608116412162781117e+00 -2.607795823683026093e+00 1.137209280503308495e-01 5.686046402516542475e-02 4.000000000000000000e+00
