4.110221147537231445e+00 -1.013674608658460308e+01 1.276948771596104981e+00 6.384743857980524906e-01 4.000000000000000000e+00
4.594611883163452148e+00 -8.382695353530593252e+00 1.214455785478372185e+00 2.381743749442258862e-01 2.600000000000000000e+01
5.079002618789672852e+00 -8.741311137382231422e+00 1.023987591597945723e+00 7.632352876430996413e-02 1.800000000000000000e+02
5.563393354415893555e+00 -7.635002147847956167e+00 1.066811382931902363e+00 3.479555068697228609e-02 9.400000000000000000e+02
6.047784090042114258e+00 -6.305184657706123019e+00 5.704948512587978415e-01 1.309839441992671424e-02 1.897000000000000000e+03
6.532174825668334961e+00 -5.995350936644055828e+00 5.677690201617543453e-01 2.401407086983364456e-02 5.590000000000000000e+02
7.016565561294555664e+00 -5.501190427906507807e+00 3.893220946494756474e-01 3.107128575732087325e-02 1.570000000000000000e+02
7.500956296920776367e+00 -4.940691473806789524e+00 3.067349511436461285e-01 4.474189104067504558e-02 4.700000000000000000e+01
7.985347032546997070e+00 -4.456721123093903891e+00 2.290040777712507025e-01 8.655540557177485161e-02 7.000000000000000000e+00
8.469737768173217773e+00 -3.836293003969713400e+00 2.602323432299308847e-01 1.502452134156476993e-01 3.000000000000000000e+00
