5.797725749015808283e+00 -8.710890562642109813e+00 1.007486800782838809e+00 2.794265630442845372e-01 1.300000000000000000e+01
6.342158532142638805e+00 -8.227124816872862567e+00 5.367719400579797906e-01 2.331588314552685351e-02 5.300000000000000000e+02
6.886591315269470215e+00 -6.889263086376117506e+00 6.259348350921964954e-01 1.826039587979185266e-02 1.175000000000000000e+03
7.431024098396301625e+00 -5.251240524850769198e+00 8.264174165846484010e-01 2.083037542391941166e-02 1.574000000000000000e+03
7.975456881523132147e+00 -3.512829890593248461e+00 5.689559651471762791e-01 9.809585605985797138e-03 3.364000000000000000e+03
8.519889664649962668e+00 -2.399077776819098951e+00 3.541107399407548706e-01 3.773118506970301461e-03 8.808000000000000000e+03
9.064322447776795855e+00 -1.823883003307611217e+00 2.042700686968560997e-01 3.047449556852755564e-03 4.493000000000000000e+03
9.608755230903625488e+00 -1.300122093459086914e+00 1.978591714721729122e-01 4.598889522295481272e-03 1.851000000000000000e+03
1.015318801403045690e+01 -7.924742550193932811e-01 1.846405188802466291e-01 7.525385743290955581e-03 6.020000000000000000e+02
1.069762079715728831e+01 -3.493769419165495549e-01 2.153673012708948176e-01 1.788528087884643999e-02 1.450000000000000000e+02
