3.039980983734130948e+00 -9.258424451060964344e+00 9.796276051545932395e-01 4.898138025772966198e-01 4.000000000000000000e+00
3.833304691314697532e+00 -8.138146867683451191e+00 1.276203325500131491e+00 2.720874632120403036e-01 2.200000000000000000e+01
4.626628398895263672e+00 -6.506986501545684476e+00 7.568064916925119068e-01 6.996678490772725856e-02 1.170000000000000000e+02
5.419952106475829368e+00 -5.656177464754956752e+00 4.945618806624169639e-01 2.804403139921373897e-02 3.110000000000000000e+02
6.213275814056396840e+00 -4.960669164330327341e+00 5.004657132570089484e-01 2.361843727661535122e-02 4.490000000000000000e+02
7.006599521636962535e+00 -4.310820737421448889e+00 5.797465999236451895e-01 2.629783981345169830e-02 4.860000000000000000e+02
7.799923229217528231e+00 -3.474200397459280332e+00 5.461616598064241712e-01 3.361392651065992637e-02 2.640000000000000000e+02
8.593246936798095703e+00 -2.491063557213925694e+00 3.897039345761268425e-01 3.897039345761268286e-02 1.000000000000000000e+02
9.386570644378661399e+00 -1.695836910105042561e+00 2.456365010378190328e-01 4.642093533329488125e-02 2.800000000000000000e+01
1.017989435195922887e+01 -8.510576276385649619e-01 2.448898813528837259e-01 6.792023262000884687e-02 1.300000000000000000e+01
