3.186178040504455744e+00 -7.910628647196550567e+00 4.025596538888392972e-01 1.075885930421669190e-01 1.400000000000000000e+01
3.830446696281432750e+00 -7.180532907671063114e+00 5.935485800950141000e-01 5.583635356948327827e-02 1.130000000000000000e+02
4.474715352058410645e+00 -6.101089352224053464e+00 3.815615883051648449e-01 2.163637267965660624e-02 3.110000000000000000e+02
5.118984007835388539e+00 -5.151496546351519434e+00 2.790135810482777812e-01 8.007851296075160774e-03 1.214000000000000000e+03
5.763252663612365545e+00 -4.956519038626122864e+00 4.908081035767731248e-01 7.910088815838222515e-03 3.850000000000000000e+03
6.407521319389343439e+00 -4.556750238983997114e+00 5.438567643703463572e-01 1.258334484677504049e-02 1.868000000000000000e+03
7.051789975166320446e+00 -3.864745306842082950e+00 5.196975899763569551e-01 2.265989174661089955e-02 5.260000000000000000e+02
7.696058630943298340e+00 -3.094128246706685736e+00 4.503514716067071322e-01 3.516654174644461006e-02 1.640000000000000000e+02
8.340327286720276234e+00 -2.398473605768314254e+00 5.365097125517096499e-01 8.820165342298941225e-02 3.700000000000000000e+01
8.984595942497254129e+00 -1.359840936569533643e+00 2.709320187495547483e-01 9.031067291651824480e-02 9.000000000000000000e+00
