3.244916272163391291e+00 -7.896884372447147804e+00 3.127654658596550341e-01 1.105792909151658426e-01 8.000000000000000000e+00
4.091311430931090953e+00 -6.929967156168771680e+00 1.953052331382975626e-01 3.830250749534490351e-02 2.600000000000000000e+01
4.937706589698791504e+00 -6.088065898932160103e+00 2.725789076600301786e-01 2.552935374508209787e-02 1.140000000000000000e+02
5.784101748466492054e+00 -5.003705024214005981e+00 3.042053054902799092e-01 1.496896449441144361e-02 4.130000000000000000e+02
6.630496907234191717e+00 -4.025342551086203535e+00 2.856404297287695182e-01 8.596766702170906965e-03 1.104000000000000000e+03
7.476892066001892267e+00 -3.072315360789399818e+00 2.501495320820592005e-01 4.888008423301555376e-03 2.619000000000000000e+03
8.323287224769593706e+00 -2.850543707375477798e+00 3.748189136728184989e-01 3.262379895001265521e-03 1.320000000000000000e+04
9.169682383537292480e+00 -2.293843559040455116e+00 4.356033980112428150e-01 5.332897544193746127e-03 6.672000000000000000e+03
1.001607754230499303e+01 -1.345348000570792069e+00 3.379217980348224182e-01 7.189825490102604716e-03 2.209000000000000000e+03
1.086247270107269358e+01 -6.352644567078071791e-01 3.411098286821179770e-01 1.931154125688798462e-02 3.120000000000000000e+02
