6.691480112075805842e+00 -8.594155482307177962e+00 6.648645346802344314e-01 6.069355055492337003e-02 1.200000000000000000e+02
7.097782468795776012e+00 -7.667645466096432827e+00 6.406205147982723114e-01 2.293789396309207224e-02 7.800000000000000000e+02
7.504084825515747070e+00 -6.460578800999541293e+00 8.080543863092333190e-01 2.629993014171926047e-02 9.440000000000000000e+02
7.910387182235718129e+00 -4.867920442847779583e+00 7.733841789325369698e-01 2.305786129088017999e-02 1.125000000000000000e+03
8.316689538955689187e+00 -3.714243024900278911e+00 5.930856104902195725e-01 1.370403624414974313e-02 1.873000000000000000e+03
8.722991895675658469e+00 -2.666561162582853139e+00 4.966799238332677002e-01 9.785965413576054248e-03 2.576000000000000000e+03
9.129294252395631304e+00 -1.987452240127486558e+00 3.185889186054240985e-01 8.448524495140462276e-03 1.422000000000000000e+03
9.535596609115600586e+00 -1.524809243942340187e+00 2.183181581715138708e-01 9.734325544789052681e-03 5.030000000000000000e+02
9.941898965835569868e+00 -1.144116569875779144e+00 1.840799723945774902e-01 1.503006680774427242e-02 1.500000000000000000e+02
1.034820132255554270e+01 -8.125863355944049626e-01 1.904605727506502866e-01 3.477318400362831158e-02 3.000000000000000000e+01
