4.520110487937927246e+00 -9.647336778503365906e+00 3.213016426380451152e-01 1.311708463302129757e-01 6.000000000000000000e+00
5.233094334602355957e+00 -8.605283852563877289e+00 6.601783295743033353e-01 9.733798432350766749e-02 4.600000000000000000e+01
5.946078181266784668e+00 -6.666229263171730146e+00 9.692937500293105080e-01 8.134132457380882641e-02 1.420000000000000000e+02
6.659062027931213379e+00 -4.765290283787375181e+00 7.727569330787351642e-01 4.197039543866643019e-02 3.390000000000000000e+02
7.372045874595642090e+00 -3.496491908114048641e+00 3.363260798449223543e-01 7.903169931504435905e-03 1.811000000000000000e+03
8.085029721260070801e+00 -3.623589555773229609e+00 4.741464140326790977e-01 5.706811577695435761e-03 6.903000000000000000e+03
8.798013567924499512e+00 -3.020432718354189916e+00 3.610107727772933761e-01 4.675066114662403995e-03 5.963000000000000000e+03
9.510997414588928223e+00 -2.628570535668657726e+00 1.201396475655025942e+00 2.676386486272548659e-02 2.015000000000000000e+03
1.022398126125335693e+01 -2.432902250173872183e+00 1.685293540637978094e+00 1.332341528596387159e-01 1.600000000000000000e+02
1.093696510791778564e+01 -2.060731296882622576e+00 1.923439516036602681e+00 3.772175240571576937e-01 2.600000000000000000e+01
