6.835038781166076660e+00 -6.628774095490983953e+00 7.374587965442270798e-01 2.787332254018576871e-01 7.000000000000000000e+00
7.204194903373718262e+00 -6.517633814273104953e+00 1.124515229401569005e+00 1.735164669800523529e-01 4.200000000000000000e+01
7.573351025581359863e+00 -6.496613481941514223e+00 1.111596544014234578e+00 5.763359600860221837e-02 3.720000000000000000e+02
7.942507147789001465e+00 -5.200238478285252874e+00 9.409060616227314933e-01 3.656935257881709089e-02 6.620000000000000000e+02
8.311663269996643066e+00 -4.060954466482654901e+00 5.232674427165234787e-01 1.754982675500203065e-02 8.890000000000000000e+02
8.680819392204284668e+00 -3.166803375836860113e+00 5.505735444654662469e-01 1.590695052524975645e-02 1.198000000000000000e+03
9.049975514411926270e+00 -2.376797372238422135e+00 4.030457534147184329e-01 1.393962886183800452e-02 8.360000000000000000e+02
9.419131636619567871e+00 -1.840250190702303223e+00 2.504291426692992761e-01 1.397759171271923534e-02 3.210000000000000000e+02
9.788287758827209473e+00 -1.399627991596685828e+00 1.667202912202237208e-01 1.964817474720270338e-02 7.200000000000000000e+01
1.015744388103485107e+01 -1.076191713196662292e+00 1.522361749198362368e-01 3.404104357553024152e-02 2.000000000000000000e+01
