5.163901114463806508e+00 -8.454873659641089390e+00 3.998640662463802120e-01 1.154308131433029877e-01 1.200000000000000000e+01
5.678233456611632590e+00 -7.550341618907109975e+00 2.964826824166748032e-01 4.941378040277913386e-02 3.600000000000000000e+01
6.192565798759460449e+00 -6.860199949805872777e+00 2.581991796926036975e-01 2.981427318001305532e-02 7.500000000000000000e+01
6.706898140907288308e+00 -6.217057012124072912e+00 2.141677283325346404e-01 1.495812298435908461e-02 2.050000000000000000e+02
7.221230483055114391e+00 -5.791663437582102780e+00 1.725511917656590566e-01 8.301873084574499725e-03 4.320000000000000000e+02
7.735562825202942250e+00 -5.438002233659517515e+00 1.126352439275512957e-01 5.263099310773384706e-03 4.580000000000000000e+02
8.249895167350770109e+00 -5.133454752007514443e+00 3.965941463185330140e-01 1.752715064004528242e-02 5.120000000000000000e+02
8.764227509498596191e+00 -3.552738135700166389e+00 1.038730714157930279e+00 4.287300482412140928e-02 5.870000000000000000e+02
9.278559851646424050e+00 -2.633125716843572661e+00 5.641352876098447711e-01 3.847370728454616723e-02 2.150000000000000000e+02
9.792892193794250133e+00 -2.445937585288604499e+00 2.128104916737370289e-01 3.498582931911754096e-02 3.700000000000000000e+01
