2.762511301040649236e+00 -1.101498002522915698e+01 8.283415523912128764e-01 5.857259288344184300e-01 2.000000000000000000e+00
3.597645902633667347e+00 -8.223134929235666135e+00 2.739584116153932491e-01 1.937178506163399760e-01 2.000000000000000000e+00
4.432780504226684570e+00 -6.802868437530525725e+00 9.006813540026842313e-01 1.480711024828593181e-01 3.700000000000000000e+01
5.267915105819701793e+00 -4.750583421049369370e+00 9.445943925510498218e-01 9.493530845956096864e-02 9.900000000000000000e+01
6.103049707412719904e+00 -3.519712043490327513e+00 7.281066523686019476e-01 6.131764160335302638e-02 1.410000000000000000e+02
6.938184309005737127e+00 -2.461505113577575621e+00 5.907900855102532489e-01 3.947382299075442164e-02 2.240000000000000000e+02
7.773318910598754350e+00 -1.433099215822273953e+00 5.813813044502033067e-01 4.458991056837198486e-02 1.700000000000000000e+02
8.608453512191772461e+00 -2.124166483042524145e-01 3.992094072870281951e-01 4.279974095775894438e-02 8.700000000000000000e+01
9.443588113784789684e+00 9.176705001023971464e-01 3.362855976604375852e-01 5.528501170075277027e-02 3.700000000000000000e+01
1.027872271537780691e+01 1.440847015939463072e+00 1.377852728703969687e+00 3.557600447864613935e-01 1.500000000000000000e+01
