5.139220190048217951e+00 -8.974275675027948651e+00 3.360066969151176974e-01 1.187963069563863494e-01 8.000000000000000000e+00
5.817044115066527965e+00 -8.212414458206588108e+00 7.697907972904117768e-01 5.389613611569032264e-02 2.040000000000000000e+02
6.494868040084838867e+00 -6.621965523950864352e+00 8.203666503611239946e-01 3.915396397904986892e-02 4.390000000000000000e+02
7.172691965103149769e+00 -4.487378478680074778e+00 8.122629987442855359e-01 2.608019312292236477e-02 9.700000000000000000e+02
7.850515890121459783e+00 -2.943834560799408084e+00 3.224920348911435308e-01 4.290749941738594177e-03 5.649000000000000000e+03
8.528339815139769797e+00 -2.799372142734297686e+00 3.747847563112515212e-01 3.939867571038614506e-03 9.049000000000000000e+03
9.206163740158082476e+00 -2.132075471029631686e+00 3.627391851502074216e-01 5.289406976472403772e-03 4.703000000000000000e+03
9.883987665176391602e+00 -1.481456576599738950e+00 6.355064909751212410e-01 1.328012765090159052e-02 2.290000000000000000e+03
1.056181159019470250e+01 -1.218278847244926189e+00 1.088778250088754174e+00 4.411952116199539808e-02 6.090000000000000000e+02
1.123963551521301341e+01 -9.067884948598440298e-01 1.408819524866016470e+00 2.817639049732033052e-01 2.500000000000000000e+01
