5.716003561019897816e+00 -1.072946014408973525e+01 7.695242510589780371e-01 5.374590502689851473e-02 2.050000000000000000e+02
6.269039583206176047e+00 -7.889183372088653279e+00 1.159516699235666470e+00 4.999031459736424238e-02 5.380000000000000000e+02
6.822075605392456055e+00 -6.101795336646038237e+00 3.879697927117949363e-01 1.166068604188145313e-02 1.107000000000000000e+03
7.375111627578736062e+00 -5.120580153805661894e+00 3.401433742167280228e-01 8.625749047991900648e-03 1.555000000000000000e+03
7.928147649765014293e+00 -4.255120744407276057e+00 2.120536298234063366e-01 3.809210061305717820e-03 3.099000000000000000e+03
8.481183671951294301e+00 -4.056068624744700202e+00 3.731227385284882625e-01 3.990902851767451874e-03 8.741000000000000000e+03
9.034219694137574308e+00 -3.755431206132366029e+00 3.963433836926805731e-01 5.665518085501821365e-03 4.894000000000000000e+03
9.587255716323852539e+00 -3.144534726467663077e+00 2.894353720098188920e-01 6.600273973199993066e-03 1.923000000000000000e+03
1.014029173851013255e+01 -2.563979743004173972e+00 2.283543441483537884e-01 9.061965726107189950e-03 6.350000000000000000e+02
1.069332776069641078e+01 -2.145535449110151038e+00 1.813614539220807786e-01 1.480810070394602933e-02 1.500000000000000000e+02
