3.584611439704894931e+00 -9.168979261056584562e+00 3.597368217136808211e-01 1.798684108568404105e-01 4.000000000000000000e+00
4.426078391075133567e+00 -8.321326409289154569e+00 2.637167507644878062e-01 4.661897569451298878e-02 3.200000000000000000e+01
5.267545342445373535e+00 -7.452879422557265876e+00 3.637328815298017104e-01 3.362711679302483186e-02 1.170000000000000000e+02
6.109012293815613504e+00 -6.499877783742325832e+00 2.939017659644975744e-01 1.507684247595859374e-02 3.800000000000000000e+02
6.950479245185851696e+00 -5.665076506267394230e+00 3.035174918521719722e-01 1.004496287429322045e-02 9.130000000000000000e+02
7.791946196556091664e+00 -3.175535359092084065e+00 9.766131178601288321e-01 1.224214355729874928e-02 6.364000000000000000e+03
8.633413147926331632e+00 -2.548891413276499929e+00 4.371777764875157124e-01 4.303881597696944741e-03 1.031800000000000000e+04
9.474880099296569824e+00 -2.300574829280720657e+00 2.034040151039540334e-01 3.059485412045300032e-03 4.420000000000000000e+03
1.031634705066680979e+01 -2.068829153769029094e+00 1.591309026643343838e-01 3.883552479200596489e-03 1.679000000000000000e+03
1.115781400203704798e+01 -1.899403575395249399e+00 2.633289856587702205e-01 2.620221339907492439e-02 1.010000000000000000e+02
