2.762511301040649236e+00 -9.842541238169310702e+00 2.579159769203289709e-01 1.823741362567176949e-01 2.000000000000000000e+00
3.597645902633667347e+00 -8.596726803604020972e+00 3.099005498937185132e-01 2.191327803232883675e-01 2.000000000000000000e+00
4.432780504226684570e+00 -8.042420137145787962e+00 4.208142356439594778e-01 6.918143418354492924e-02 3.700000000000000000e+01
5.267915105819701793e+00 -7.688027911772683964e+00 4.874707105014830510e-01 4.899264978852663904e-02 9.900000000000000000e+01
6.103049707412719904e+00 -7.050045650710353051e+00 7.457112351011434548e-01 6.280021492013145024e-02 1.410000000000000000e+02
6.938184309005737127e+00 -6.547016690996969146e+00 6.407797443927550907e-01 4.281389756968339427e-02 2.240000000000000000e+02
7.773318910598754350e+00 -5.790723278424404263e+00 6.299345349545156791e-01 4.831377335759635960e-02 1.700000000000000000e+02
8.608453512191772461e+00 -4.774399479965887316e+00 4.294247843021249955e-01 4.603916940203244684e-02 8.700000000000000000e+01
9.443588113784789684e+00 -3.841290731815383275e+00 3.837040253271074564e-01 6.308055318876563955e-02 3.700000000000000000e+01
1.027872271537780691e+01 -3.904372742817845410e+00 2.064678079516636178e+00 5.161695198791590444e-01 1.600000000000000000e+01
