2.797223460674286066e+00 -1.451305171110973014e+01 0.000000000000000000e+00 0.000000000000000000e+00 1.000000000000000000e+00
3.691148436069488170e+00 -1.176059874749722134e+01 7.451967089744735429e-01 3.042252824981256931e-01 6.000000000000000000e+00
4.585073411464691162e+00 -9.783475908973965574e+00 5.488661072999361235e-01 9.702673660881200313e-02 3.200000000000000000e+01
5.478998386859894154e+00 -7.841767751690439603e+00 6.591292110071974575e-01 6.494593096987219538e-02 1.030000000000000000e+02
6.372923362255096258e+00 -5.676347878675215064e+00 6.519108411515981416e-01 3.684817935909211195e-02 3.130000000000000000e+02
7.266848337650299250e+00 -2.627356974407525136e+00 1.130614173856395732e+00 2.648018965927364035e-02 1.823000000000000000e+03
8.160773313045503130e+00 -9.792446669531854608e-01 3.857021667405504672e-01 4.135874420046143154e-03 8.697000000000000000e+03
9.054698288440704346e+00 -2.036846081646713491e-02 4.355531069997135019e-01 5.696060181694405367e-03 5.847000000000000000e+03
9.948623263835905561e+00 -9.020918615074846256e-03 1.003541459408001879e+00 2.847570737360757484e-02 1.242000000000000000e+03
1.084254823923111033e+01 6.897383075319583057e-01 1.592800207117701872e+00 2.230366407862606759e-01 5.100000000000000000e+01
