6.376684713363647283e+00 -7.273090594689024080e+00 1.038491701463124750e+00 3.131170292409962141e-01 1.100000000000000000e+01
6.842542314529419301e+00 -7.539367309420526020e+00 7.382860881699715438e-01 3.394643050060160844e-02 4.730000000000000000e+02
7.308399915695190430e+00 -6.297852516881674134e+00 7.309125810455600059e-01 1.999687852008202524e-02 1.336000000000000000e+03
7.774257516860961559e+00 -4.652369594466359004e+00 7.877006765867726745e-01 1.917801602598923419e-02 1.687000000000000000e+03
8.240115118026732688e+00 -3.343169811986830275e+00 5.666601761732097398e-01 9.568741215936253652e-03 3.507000000000000000e+03
8.705972719192505593e+00 -2.343988772294469225e+00 3.865944442704548623e-01 5.257477511835626817e-03 5.407000000000000000e+03
9.171830320358274946e+00 -1.738691469061736106e+00 2.253651892011173108e-01 4.479615734972454584e-03 2.531000000000000000e+03
9.637687921524047852e+00 -1.287830063699118011e+00 2.043484940830925800e-01 6.491343846883631911e-03 9.910000000000000000e+02
1.010354552268981898e+01 -8.517331360303188603e-01 1.735823811983012721e-01 1.031840152905203443e-02 2.830000000000000000e+02
1.056940312385559011e+01 -4.650374215356335439e-01 1.459634139868143110e-01 1.900281790998651146e-02 5.900000000000000000e+01
