2.464093208312988281e+00 -1.122137617437895329e+01 1.626660888104976666e+00 8.133304440524883328e-01 4.000000000000000000e+00
3.293694496154785156e+00 -9.941085178464906136e+00 1.872253877349174145e+00 5.003808964356921685e-01 1.400000000000000000e+01
4.123295783996582031e+00 -8.707023754381683744e+00 1.549809776553928486e+00 1.477685642391241561e-01 1.100000000000000000e+02
4.952897071838378906e+00 -7.552498790395373973e+00 6.219843905298065856e-01 2.593854214879387499e-02 5.750000000000000000e+02
5.782498359680175781e+00 -7.002821111135371979e+00 5.911331026421713375e-01 1.696586225072308635e-02 1.214000000000000000e+03
6.612099647521972656e+00 -6.330515446946487934e+00 6.338290371537197432e-01 1.877239594245659615e-02 1.140000000000000000e+03
7.441700935363769531e+00 -5.604407115843271114e+00 5.985134805100872368e-01 2.612126979894239739e-02 5.250000000000000000e+02
8.271302223205566406e+00 -4.629249311013330370e+00 5.310737338975887178e-01 4.211688668007384367e-02 1.590000000000000000e+02
9.100903511047363281e+00 -3.712829699953962503e+00 3.766376814376650173e-01 6.366338779162523942e-02 3.500000000000000000e+01
9.930504798889160156e+00 -2.732811408420508847e+00 2.260714491079658384e-01 6.270093859055528296e-02 1.300000000000000000e+01
