6.719830012321471813e+00 -8.811541454828725861e+00 5.156753398469150484e-01 1.554819650828385691e-01 1.100000000000000000e+01
7.024605202674866433e+00 -7.696512688344247621e+00 3.165715469257782688e-01 5.779779243851799336e-02 3.000000000000000000e+01
7.329380393028259277e+00 -7.072231190961878688e+00 2.308223800425782402e-01 3.520008295726232556e-02 4.300000000000000000e+01
7.634155583381652121e+00 -6.474540844631434311e+00 4.021570229041406264e-01 5.472663903288400161e-02 5.400000000000000000e+01
7.938930773735046742e+00 -5.823333706233856155e+00 6.136013133562729926e-01 1.022668855593788367e-01 3.600000000000000000e+01
8.243705964088439586e+00 -4.547887332162100726e+00 5.863031313558776381e-01 1.070438168598428774e-01 3.000000000000000000e+01
8.548481154441834207e+00 -3.991477744915733705e+00 4.223420077419470231e-01 7.138882895873811807e-02 3.500000000000000000e+01
8.853256344795227051e+00 -3.597554852657663726e+00 4.460359996108776426e-01 8.920719992217553129e-02 2.500000000000000000e+01
9.158031535148619895e+00 -3.073992003029885733e+00 1.548122363497539955e-01 3.754748250636009282e-02 1.700000000000000000e+01
9.462806725502014515e+00 -2.793973870812011651e+00 4.243425464551777576e-02 2.449942834245081788e-02 3.000000000000000000e+00
