2.825288474559783936e+00 -9.204499135282439681e+00 3.149125108207454504e-01 1.574562554103727252e-01 4.000000000000000000e+00
3.481297075748443604e+00 -8.361549278840612942e+00 5.041230239196534679e-01 6.677272571230560838e-02 5.700000000000000000e+01
4.137305676937103271e+00 -7.340308094730821686e+00 4.495417394623323903e-01 2.964190449778382822e-02 2.300000000000000000e+02
4.793314278125762939e+00 -6.355235630897592358e+00 3.708869543927040824e-01 1.614078291130743512e-02 5.280000000000000000e+02
5.449322879314422607e+00 -5.421646443693559192e+00 3.850158376752986222e-01 8.286140128614673597e-03 2.159000000000000000e+03
6.105331480503082275e+00 -4.510268768597690325e+00 9.164383555125317216e-01 1.521701537948290384e-02 3.627000000000000000e+03
6.761340081691741943e+00 -3.558703096999447535e+00 9.395858950112310204e-01 3.405996208482214155e-02 7.610000000000000000e+02
7.417348682880401611e+00 -2.995189487641022552e+00 7.022329909201331377e-01 4.756121953208373304e-02 2.180000000000000000e+02
8.073357284069061279e+00 -2.682394725000728286e+00 4.248601329167495111e-01 7.181446979982278322e-02 3.500000000000000000e+01
8.729365885257720947e+00 -2.581262533957810135e+00 1.568038341901443200e-01 5.226794473004810898e-02 9.000000000000000000e+00
