6.758105278015136719e+00 -7.047892408553283694e+00 0.000000000000000000e+00 0.000000000000000000e+00 1.000000000000000000e+00
7.104626655578613281e+00 -6.739534472576887758e+00 8.699515554154887420e-01 3.890541630081416069e-01 5.000000000000000000e+00
7.451148033142089844e+00 -7.326876128695338330e+00 8.364415313748245762e-01 7.799857498189152749e-02 1.150000000000000000e+02
7.797669410705566406e+00 -6.480983342841645012e+00 8.921714791387315158e-01 5.203249730842902238e-02 2.940000000000000000e+02
8.144190788269042969e+00 -4.976721255219132445e+00 7.575065645772197653e-01 4.316294238558995855e-02 3.080000000000000000e+02
8.490712165832519531e+00 -4.087586016083255558e+00 4.878921462245870977e-01 2.415426049109456116e-02 4.080000000000000000e+02
8.837233543395996094e+00 -3.245549455935412997e+00 5.054434555684126362e-01 2.549624962576821363e-02 3.930000000000000000e+02
9.183754920959472656e+00 -2.529119682232468858e+00 4.052866834013018615e-01 2.955856931427039078e-02 1.880000000000000000e+02
9.530276298522949219e+00 -2.009106010873572323e+00 2.908428856104889881e-01 3.995034278792081867e-02 5.300000000000000000e+01
9.876797676086425781e+00 -1.610081738843187837e+00 2.973564604643290643e-01 6.821825059857673790e-02 1.900000000000000000e+01
