4.110221147537231445e+00 -9.741521149133353319e+00 0.000000000000000000e+00 0.000000000000000000e+00 1.000000000000000000e+00
4.594611883163452148e+00 -8.290899681519558584e+00 4.723554993629145438e-01 1.219616655014704037e-01 1.500000000000000000e+01
5.079002618789672852e+00 -8.433620385427094135e+00 8.145933362981347958e-01 1.108521123223227267e-01 5.400000000000000000e+01
5.563393354415893555e+00 -7.678889601958150735e+00 9.805699277806344538e-01 4.143664232613187420e-02 5.600000000000000000e+02
6.047784090042114258e+00 -6.424192406349672702e+00 9.139399879555963890e-01 2.131212795649143482e-02 1.839000000000000000e+03
6.532174825668334961e+00 -5.243773873935318797e+00 7.003336376416350317e-01 2.967408858306929895e-02 5.570000000000000000e+02
7.016565561294555664e+00 -4.495281323983642885e+00 4.381593375986801986e-01 3.496892206445277596e-02 1.570000000000000000e+02
7.500956296920776367e+00 -4.190209878783118569e+00 5.299067754739710256e-01 7.729484729918750796e-02 4.700000000000000000e+01
7.985347032546997070e+00 -3.902730184919886547e+00 7.276859721325044106e-01 2.750394449732692093e-01 7.000000000000000000e+00
8.469737768173217773e+00 -3.003761122608513023e+00 1.815174332859985640e-01 1.047991389702812165e-01 3.000000000000000000e+00
