2.712223827838897705e+00 -8.242585075413453310e+00 5.275320452583108777e-01 2.153640556416106522e-01 6.000000000000000000e+00
3.421904504299163818e+00 -7.393728745587616835e+00 4.947828543240090915e-01 7.068326490342986823e-02 4.900000000000000000e+01
4.131585180759429932e+00 -6.457696214463137352e+00 3.663195124294139626e-01 2.700543274515047540e-02 1.840000000000000000e+02
4.841265857219696045e+00 -5.500235042088523763e+00 3.249809308382994311e-01 1.143278925109961382e-02 8.080000000000000000e+02
5.550946533679962158e+00 -5.237834920661835092e+00 5.175712882793603864e-01 9.871492192797476709e-03 2.749000000000000000e+03
6.260627210140228271e+00 -4.825127485137377548e+00 5.872145927515350916e-01 1.254514400226582234e-02 2.191000000000000000e+03
6.970307886600494385e+00 -4.060822461330410249e+00 5.363087234582850638e-01 1.875159477675714115e-02 8.180000000000000000e+02
7.679988563060760498e+00 -3.311536531529617911e+00 4.978094519966965725e-01 3.105250044740354501e-02 2.570000000000000000e+02
8.389669239521026611e+00 -2.463186327826714095e+00 4.112848743157517806e-01 5.101361022631023534e-02 6.500000000000000000e+01
9.099349915981292725e+00 -1.314339755737856885e+00 2.632047663266041115e-01 7.935922299441049155e-02 1.100000000000000000e+01
