2.723419260978698908e+00 -1.217388743195186862e+01 7.030691954597831916e-01 3.515345977298915958e-01 4.000000000000000000e+00
3.550065255165099742e+00 -9.220865824974817215e+00 9.900676899598787051e-01 2.333611924681101846e-01 1.800000000000000000e+01
4.376711249351501465e+00 -7.198812944421902671e+00 9.863377341742985971e-01 1.154420999305919987e-01 7.300000000000000000e+01
5.203357243537903187e+00 -5.398287252643938494e+00 9.642304836657809020e-01 5.762379300348405287e-02 2.800000000000000000e+02
6.030003237724304022e+00 -3.595737273539435730e+00 8.345462798049119169e-01 4.077025370827701278e-02 4.190000000000000000e+02
6.856649231910705744e+00 -2.321503504346436042e+00 6.456290441204465269e-01 2.768111689839174855e-02 5.440000000000000000e+02
7.683295226097107467e+00 -1.197185336938283440e+00 4.778183992216941678e-01 2.749535918907707738e-02 3.020000000000000000e+02
8.509941220283508301e+00 -1.139180005659542055e-01 4.664928978730318865e-01 4.276333383545432437e-02 1.190000000000000000e+02
9.336587214469910023e+00 9.537775140063006196e-01 3.130423517476163542e-01 5.291381509794376714e-02 3.500000000000000000e+01
1.016323320865631175e+01 1.997368223516181152e+00 2.987576192098443384e-01 8.286045499974147022e-02 1.300000000000000000e+01
