2.712223827838897705e+00 -1.041263968109591609e+01 1.699649700763612881e+00 9.812932122639388410e-01 3.000000000000000000e+00
3.421904504299163818e+00 -9.168989042231943998e+00 1.102301691680195539e+00 2.846130729582440066e-01 1.500000000000000000e+01
4.131585180759429932e+00 -9.402799336680699227e+00 1.181707869145204981e+00 1.111657252838007537e-01 1.130000000000000000e+02
4.841265857219696045e+00 -7.645375653897289681e+00 8.765702195091422677e-01 3.112792118969415905e-02 7.930000000000000000e+02
5.550946533679962158e+00 -6.873845316759300772e+00 5.192891454430098586e-01 9.898856533662377458e-03 2.752000000000000000e+03
6.260627210140228271e+00 -6.494052815729368433e+00 6.118312081113406187e-01 1.306508711183534954e-02 2.193000000000000000e+03
6.970307886600494385e+00 -5.787835629217264355e+00 6.370613683381217696e-01 2.219308437254810529e-02 8.240000000000000000e+02
7.679988563060760498e+00 -5.053457417777712735e+00 6.016556769010560357e-01 3.745744632335378660e-02 2.580000000000000000e+02
8.389669239521026611e+00 -4.220655349401173595e+00 4.335105764818780183e-01 5.377036929554449701e-02 6.500000000000000000e+01
9.099349915981292725e+00 -3.190808313184183564e+00 1.886906913570963462e-01 5.689238406038592266e-02 1.100000000000000000e+01
