3.610919225215911688e+00 -7.702231233157118773e+00 2.992022244396355113e-01 1.338073025732347821e-01 5.000000000000000000e+00
4.385543072223663685e+00 -6.765696659250998835e+00 2.058261367332469560e-01 3.430435612220782832e-02 3.600000000000000000e+01
5.160166919231414795e+00 -5.876898365417207337e+00 3.445090091833707402e-01 2.831846611365909303e-02 1.480000000000000000e+02
5.934790766239165904e+00 -4.792194344688740060e+00 2.937265189554024158e-01 1.381573329895086424e-02 4.520000000000000000e+02
6.709414613246917902e+00 -3.844525068178236360e+00 2.636996751593221888e-01 7.075521776399419996e-03 1.389000000000000000e+03
7.484038460254669012e+00 -2.990361142193299404e+00 2.515986815982288460e-01 5.118702583166958447e-03 2.416000000000000000e+03
8.258662307262419233e+00 -2.444524194055902377e+00 2.884676713141912097e-01 3.001941422809812493e-03 9.234000000000000000e+03
9.033286154270172119e+00 -2.107354958796633149e+00 4.056783296335642608e-01 4.780632987530076747e-03 7.201000000000000000e+03
9.807910001277923229e+00 -1.275144788137908769e+00 3.415094025419029844e-01 7.970146914795523188e-03 1.836000000000000000e+03
1.058253384828567434e+01 -4.512964039696518714e-01 3.188382906213109158e-01 1.805066370382152688e-02 3.120000000000000000e+02
