3.533192849159240811e+00 -8.052153187633884102e+00 5.944043555141191870e-01 7.054281866746950347e-02 7.100000000000000000e+01
4.097073245048523660e+00 -6.982771739243615272e+00 3.633692680190830915e-01 2.438774845096953331e-02 2.220000000000000000e+02
4.660953640937805176e+00 -6.018979501111473951e+00 3.257075623077868576e-01 1.589290169080290541e-02 4.200000000000000000e+02
5.224834036827086692e+00 -5.078218313340033596e+00 2.965173749083226395e-01 1.017644996209407168e-02 8.490000000000000000e+02
5.788714432716369984e+00 -4.441489008499918789e+00 3.350025925866386145e-01 6.672087685396687479e-03 2.521000000000000000e+03
6.352594828605651500e+00 -4.260884975671819674e+00 4.744595081634651046e-01 1.218969496302358367e-02 1.515000000000000000e+03
6.916475224494933016e+00 -3.642355173699357795e+00 3.983308621106327330e-01 2.247911101882845916e-02 3.140000000000000000e+02
7.480355620384216309e+00 -2.961650708092128159e+00 3.391227805413506990e-01 3.535599393899285098e-02 9.200000000000000000e+01
8.044236016273497825e+00 -2.449681739694634430e+00 2.513461668130779203e-01 6.971088402583675014e-02 1.300000000000000000e+01
8.608116412162781117e+00 -1.485833540003752784e+00 3.630705395378304723e-01 1.815352697689152361e-01 4.000000000000000000e+00
