3.584611439704894931e+00 -7.391583819350254991e+00 3.425909983803206438e-01 1.712954991901603219e-01 4.000000000000000000e+00
4.426078391075133567e+00 -6.596928571649844919e+00 2.110415556545930937e-01 3.730722877888023592e-02 3.200000000000000000e+01
5.267545342445373535e+00 -5.688465656793946224e+00 3.321212422095487504e-01 3.070461970403392041e-02 1.170000000000000000e+02
6.109012293815613504e+00 -4.710856866686980560e+00 2.762728268793505082e-01 1.417249698237915689e-02 3.800000000000000000e+02
6.950479245185851696e+00 -3.753029137382600133e+00 2.702634576248521547e-01 8.944414971121314797e-03 9.130000000000000000e+02
7.791946196556091664e+00 -3.369198934164249426e+00 3.991066532751380569e-01 5.001352214897738201e-03 6.368000000000000000e+03
8.633413147926331632e+00 -3.248568011994970028e+00 4.697430025644021012e-01 4.623580166213453989e-03 1.032200000000000000e+04
9.474880099296569824e+00 -2.255820275554941912e+00 4.072863852965176168e-01 6.149163994911227213e-03 4.387000000000000000e+03
1.031634705066680979e+01 -1.484339877152115461e+00 3.319390727240686956e-01 9.321777866237321297e-03 1.268000000000000000e+03
1.115781400203704798e+01 -1.053705960949764764e+00 8.324026512141315948e-01 1.040503314017664493e-01 6.400000000000000000e+01
