4.316198337078094305e+00 -5.924514933872848665e+00 1.245808180482332883e-01 6.229040902411664415e-02 4.000000000000000000e+00
4.949544394016266224e+00 -4.671241515876837447e+00 1.013748346558827063e+00 2.811632033795914976e-01 1.300000000000000000e+01
5.582890450954437256e+00 -3.550111093427894549e+00 4.144007549897306131e-01 8.288015099794612817e-02 2.500000000000000000e+01
6.216236507892608287e+00 -3.371267081836152535e+00 4.916606829110581889e-01 1.072891569368383535e-01 2.100000000000000000e+01
6.849582564830780207e+00 -3.005632941749757592e+00 3.009883323806758493e-01 5.239534337084252036e-02 3.300000000000000000e+01
7.482928621768951238e+00 -2.717118456887870348e+00 2.237077902387131223e-01 2.566104343508802954e-02 7.600000000000000000e+01
8.116274678707121382e+00 -2.467326265453897438e+00 1.361129105567867870e-01 1.582280445477513703e-02 7.400000000000000000e+01
8.749620735645294189e+00 -2.334240818761720071e+00 7.303436683425867937e-02 1.054160283796328097e-02 4.800000000000000000e+01
9.382966792583465221e+00 -2.197121711617736395e+00 9.005440961110869336e-02 1.801088192222173937e-02 2.500000000000000000e+01
1.001631284952163625e+01 -2.005898847968968113e+00 6.210784062109177966e-02 1.792898925068685603e-02 1.200000000000000000e+01
