2.463178396224975586e+00 -1.094626157245735776e+01 1.188404459198817209e+00 8.403288518918152761e-01 2.000000000000000000e+00
3.290950059890747070e+00 -8.879365758577192125e+00 1.306588550135510118e+00 3.771796255704098488e-01 1.200000000000000000e+01
4.118721723556518555e+00 -8.001792390819202794e+00 1.315646950991660624e+00 1.356986217828400065e-01 9.400000000000000000e+01
4.946493387222290039e+00 -6.233483153756465889e+00 1.018901322712959967e+00 4.282761702342288007e-02 5.660000000000000000e+02
5.774265050888061523e+00 -5.153041380158902562e+00 4.442885334774431261e-01 1.279356119730034116e-02 1.206000000000000000e+03
6.602036714553833008e+00 -4.457586075477746768e+00 4.798136299218580536e-01 1.424839851326935303e-02 1.134000000000000000e+03
7.429808378219604492e+00 -3.819606283753627984e+00 6.419159223268676717e-01 2.752191811487660067e-02 5.440000000000000000e+02
8.257580041885375977e+00 -2.747405398712900126e+00 3.361050998441271198e-01 2.665486823993401533e-02 1.590000000000000000e+02
9.085351705551147461e+00 -1.899391192192951605e+00 2.216220631276854536e-01 3.643444274271545602e-02 3.700000000000000000e+01
9.913123369216918945e+00 -1.031297379736815678e+00 2.347381087762656637e-01 6.510463749986687698e-02 1.300000000000000000e+01
