6.195772886276245117e+00 -8.516465591854899486e+00 4.652894391648019212e-01 3.517257553413664917e-02 1.750000000000000000e+02
6.654255151748657227e+00 -7.412026734923744975e+00 3.806135131795918003e-01 1.672319767775669319e-02 5.180000000000000000e+02
7.112737417221069336e+00 -6.257707659283871848e+00 4.585299842137629533e-01 1.485324313083677926e-02 9.530000000000000000e+02
7.571219682693481445e+00 -5.189600936192255709e+00 4.324966328977412622e-01 1.320331150630087852e-02 1.073000000000000000e+03
8.029701948165893555e+00 -4.232350229739616054e+00 3.080884377586042833e-01 8.016506560910564155e-03 1.477000000000000000e+03
8.488184213638305664e+00 -3.681391597872168298e+00 2.054951662198742091e-01 4.026222270740930850e-03 2.605000000000000000e+03
8.946666479110717773e+00 -3.458241330374344891e+00 3.365794980738662789e-01 7.047336611821700472e-03 2.281000000000000000e+03
9.405148744583129883e+00 -3.065508872957725117e+00 2.606718702303105761e-01 8.972695807754364414e-03 8.440000000000000000e+02
9.863631010055541992e+00 -2.593365117672903342e+00 1.791173014114751105e-01 1.227291526619177578e-02 2.130000000000000000e+02
1.032211327552795410e+01 -2.228891143556496424e+00 1.830828258871211867e-01 2.894793651316701633e-02 4.000000000000000000e+01
