3.186187243461608976e+00 -9.378730421149871432e+00 5.400775130872824403e-02 3.818924718703837345e-02 2.000000000000000000e+00
3.830474305152893333e+00 -8.588957289155583652e+00 4.127193166154848880e-01 1.459183137527435281e-01 8.000000000000000000e+00
4.474761366844177246e+00 -8.238221517078503808e+00 1.135843079950502599e+00 1.773888867110107459e-01 4.100000000000000000e+01
5.119048428535460715e+00 -7.281635702695222534e+00 1.016453489137750132e+00 3.390062188456900022e-02 8.990000000000000000e+02
5.763335490226745961e+00 -5.676854685677968249e+00 8.635762975830830745e-01 1.400353080591321131e-02 3.803000000000000000e+03
6.407622551918029430e+00 -4.611334303142813340e+00 4.639472604922559862e-01 1.073158732757798807e-02 1.869000000000000000e+03
7.051909613609312899e+00 -4.139934788613802041e+00 5.940805147851052626e-01 2.587855368614685320e-02 5.270000000000000000e+02
7.696196675300598145e+00 -3.506615123602748074e+00 5.070796265966757144e-01 3.959626643133625640e-02 1.640000000000000000e+02
8.340483736991881614e+00 -2.849377796489209302e+00 2.352724208426467678e-01 3.921207014044112565e-02 3.600000000000000000e+01
8.984770798683166859e+00 -2.049051529790998138e+00 2.650850000056869660e-01 8.836166666856232199e-02 9.000000000000000000e+00
