2.463178396224975586e+00 -1.230199139839934297e+01 6.174582336171621222e-01 1.861706622385214394e-01 1.100000000000000000e+01
3.290950059890747070e+00 -1.000379557468513347e+01 1.054121512759808921e+00 2.300281725668182342e-01 2.100000000000000000e+01
4.118721723556518555e+00 -7.928478225063097184e+00 8.653463428856654760e-01 8.140493631319732637e-02 1.130000000000000000e+02
4.946493387222290039e+00 -6.014087465051004777e+00 7.736391445718735493e-01 3.240417793113732625e-02 5.700000000000000000e+02
5.774265050888061523e+00 -4.051036764601758655e+00 9.485145122699933928e-01 2.731305794519169744e-02 1.206000000000000000e+03
6.602036714553833008e+00 -2.503827606567353925e+00 6.927142154281225039e-01 2.057062905619008036e-02 1.134000000000000000e+03
7.429808378219604492e+00 -1.405788451188269006e+00 5.608607900819877479e-01 2.404670799024263839e-02 5.440000000000000000e+02
8.257580041885375977e+00 -2.428299969634806765e-01 4.676346812975110123e-01 3.708584255397900931e-02 1.590000000000000000e+02
9.085351705551147461e+00 8.520965252599784767e-01 3.300950925223967158e-01 5.426729892515023967e-02 3.700000000000000000e+01
9.913123369216918945e+00 1.928448282321983731e+00 2.677543860409049015e-01 7.426170523852784755e-02 1.300000000000000000e+01
