5.163901114463806508e+00 -8.977358621579996978e+00 5.416903266481050139e-01 1.563725279538498714e-01 1.200000000000000000e+01
5.678233456611632590e+00 -7.542801768985618160e+00 4.470569575909843496e-01 7.450949293183072031e-02 3.600000000000000000e+01
6.192565798759460449e+00 -6.315852922961272320e+00 4.184975085707400844e-01 4.832392984570089284e-02 7.500000000000000000e+01
6.706898140907288308e+00 -5.020249738206039147e+00 3.714871844706268411e-01 2.594579041244277420e-02 2.050000000000000000e+02
7.221230483055114391e+00 -4.016784059982086319e+00 3.337020611781140178e-01 1.605524790419309011e-02 4.320000000000000000e+02
7.735562825202942250e+00 -3.043336164684602441e+00 2.957050135711098426e-01 1.381738786946113025e-02 4.580000000000000000e+02
8.249895167350770109e+00 -2.063629627422319146e+00 3.743117581311911635e-01 1.654239890327650550e-02 5.120000000000000000e+02
8.764227509498596191e+00 -2.650561919115144160e-01 1.098142203880175805e+00 4.509529538663773623e-02 5.930000000000000000e+02
9.278559851646424050e+00 1.379993804615544217e+00 5.020745735102892793e-01 3.424120171260694456e-02 2.150000000000000000e+02
9.792892193794250133e+00 2.122969089743857118e+00 2.152713233793104586e-01 3.539038755944272363e-02 3.700000000000000000e+01
