2.763328838348388494e+00 -8.197064838563658640e+00 1.769257647974592229e-01 1.251054080548995584e-01 2.000000000000000000e+00
3.600098514556885121e+00 -6.998701790805300860e+00 2.805071568893332534e-01 1.983485128078062987e-01 2.000000000000000000e+00
4.436868190765380859e+00 -6.467276053934840618e+00 4.223051661695612080e-01 6.942654165209649619e-02 3.700000000000000000e+01
5.273637866973876598e+00 -6.106148527097115419e+00 4.760678455453163371e-01 4.784661874020247618e-02 9.900000000000000000e+01
6.110407543182373225e+00 -5.392581354751251332e+00 4.875332880653478473e-01 4.165277980504614869e-02 1.370000000000000000e+02
6.947177219390868963e+00 -4.924960181188536623e+00 5.038333634300119490e-01 3.389149962870256771e-02 2.210000000000000000e+02
7.783946895599364701e+00 -4.166948970137590358e+00 5.017027501725629390e-01 3.905750612922725962e-02 1.650000000000000000e+02
8.620716571807861328e+00 -3.203642390890877767e+00 4.249724022768543441e-01 4.582595267244042592e-02 8.600000000000000000e+01
9.457486248016357067e+00 -2.253424902485588799e+00 3.632253833519031860e-01 6.053756389198386434e-02 3.600000000000000000e+01
1.029425592422485281e+01 -1.347573266254552093e+00 2.592346995573684421e-01 7.189876935643030320e-02 1.300000000000000000e+01
