2.723419260978698908e+00 -8.590417443929174723e+00 4.306629573827808755e-01 2.153314786913904377e-01 4.000000000000000000e+00
3.550065255165099742e+00 -7.001148176015862035e+00 6.237533794442547963e-01 1.470200814643527476e-01 1.800000000000000000e+01
4.376711249351501465e+00 -5.888755095980025445e+00 7.806953756147655410e-01 9.137348237266622319e-02 7.300000000000000000e+01
5.203357243537903187e+00 -4.718701125427540610e+00 9.692357075352623363e-01 5.792291234173043563e-02 2.800000000000000000e+02
6.030003237724304022e+00 -3.635739699877678088e+00 7.572991339947939826e-01 3.686474504683202175e-02 4.220000000000000000e+02
6.856649231910705744e+00 -3.026118850421751993e+00 4.356578135910327276e-01 1.867867465928524026e-02 5.440000000000000000e+02
7.683295226097107467e+00 -2.679447968243567679e+00 2.583432638257853187e-01 1.486598432487897664e-02 3.020000000000000000e+02
8.509941220283508301e+00 -2.535904979970650786e+00 3.089525764087466819e-01 2.844138999761845407e-02 1.180000000000000000e+02
9.336587214469910023e+00 -2.352509924816551745e+00 1.301259800833027280e-01 2.199530514362429967e-02 3.500000000000000000e+01
1.016323320865631175e+01 -2.220063407340339801e+00 1.186231409640476492e-01 3.290013978480512552e-02 1.300000000000000000e+01
