3.186187243461608976e+00 -1.117080736822610554e+01 6.609924763315110363e-01 1.766576701191284182e-01 1.400000000000000000e+01
3.830474305152893333e+00 -9.595158477231974459e+00 8.163460223790198755e-01 7.679537390738870595e-02 1.130000000000000000e+02
4.474761366844177246e+00 -7.773147418704596134e+00 6.392740742071604254e-01 3.619176763744078734e-02 3.120000000000000000e+02
5.119048428535460715e+00 -5.863788002070427829e+00 5.902861655971620714e-01 1.694155466724241860e-02 1.214000000000000000e+03
5.763335490226745961e+00 -4.452232428379117479e+00 7.771926219708474859e-01 1.251746765667508150e-02 3.855000000000000000e+03
6.407622551918029430e+00 -2.894099240410540119e+00 9.412455655649226705e-01 2.176617616787399415e-02 1.870000000000000000e+03
7.051909613609312899e+00 -1.695371197281865694e+00 8.453461532160110314e-01 3.678896920575235041e-02 5.280000000000000000e+02
7.696196675300598145e+00 -7.191893999629483947e-01 6.857216125722281896e-01 5.354586192186307214e-02 1.640000000000000000e+02
8.340483736991881614e+00 7.198067707514227420e-02 7.490372982928572565e-01 1.231409732932865625e-01 3.700000000000000000e+01
8.984770798683166859e+00 1.341509079208426103e+00 2.695602544116887933e-01 8.985341813722959314e-02 9.000000000000000000e+00
