5.219573450088501154e+00 -6.744312701479915795e+00 9.619617507503268328e-02 6.802096771976394451e-02 2.000000000000000000e+00
5.682270383834838512e+00 -5.574751795216636552e+00 7.002843336379301065e-03 4.951758010740830648e-03 2.000000000000000000e+00
6.144967317581176758e+00 -4.650718364139704519e+00 2.001110762217407635e-01 6.670369207391359245e-02 9.000000000000000000e+00
6.607664251327515004e+00 -3.832871941275111105e+00 1.763915590696889246e-01 3.678018258403008278e-02 2.300000000000000000e+01
7.070361185073852361e+00 -3.304866388010428313e+00 1.417926649611555567e-01 2.137604853185118281e-02 4.400000000000000000e+01
7.533058118820190607e+00 -2.787620955278347967e+00 1.562887703407698503e-01 1.705250286567016813e-02 8.400000000000000000e+01
7.995755052566528853e+00 -2.270901521801089284e+00 1.921205422146770037e-01 2.664232561634468852e-02 5.200000000000000000e+01
8.458451986312866211e+00 -1.653521721395794453e+00 1.528278301955717233e-01 2.161311901706299346e-02 5.000000000000000000e+01
8.921148920059204457e+00 -1.117930944635727730e+00 2.134795931974997896e-01 3.661144819016956542e-02 3.400000000000000000e+01
9.383845853805542703e+00 -5.842735047554037386e-01 1.751300200305541677e-01 5.055568210391250122e-02 1.200000000000000000e+01
