5.193830180168151678e+00 -8.991763446496399581e+00 6.229451554588825157e-01 9.184825229807414004e-02 4.600000000000000000e+01
5.757780098915100453e+00 -7.419892783378540635e+00 4.694965325336581397e-01 3.846265460245789497e-02 1.490000000000000000e+02
6.321730017662048340e+00 -5.988357197474604376e+00 4.112758957168107798e-01 2.173660650983290019e-02 3.580000000000000000e+02
6.885679936408996227e+00 -4.716307842293912422e+00 3.782671126318228327e-01 1.227907008569698380e-02 9.490000000000000000e+02
7.449629855155945002e+00 -3.623790528413969092e+00 3.472558294647407617e-01 9.748072129509297370e-03 1.269000000000000000e+03
8.013579773902893777e+00 -2.460424373310917456e+00 4.530430509050406562e-01 1.070512346154060303e-02 1.791000000000000000e+03
8.577529692649839888e+00 -1.883260451073034414e-01 1.081968463444858086e+00 1.865185661250324395e-02 3.365000000000000000e+03
9.141479611396789551e+00 1.113008950099813044e+00 5.379834725254635241e-01 1.220485245395571024e-02 1.943000000000000000e+03
9.705429530143737438e+00 1.851168798211125566e+00 2.192180664615847319e-01 1.022109505142862126e-02 4.600000000000000000e+02
1.026937944889068532e+01 2.535635473527447559e+00 1.836400226695501792e-01 2.243519953111823909e-02 6.700000000000000000e+01
