3.244906783103942871e+00 -1.281053520508927690e+01 5.417723021112699211e-01 1.915454343409629112e-01 8.000000000000000000e+00
4.091282963752746582e+00 -1.073988017112189297e+01 3.961854467632924259e-01 7.769835861721167969e-02 2.600000000000000000e+01
4.937659144401550293e+00 -9.219729823567664795e+00 4.848132985671882444e-01 4.540692567041480776e-02 1.140000000000000000e+02
5.784035325050354004e+00 -7.266214276328144983e+00 5.662644672353330799e-01 2.786405283376411704e-02 4.130000000000000000e+02
6.630411505699157715e+00 -5.408665791737802486e+00 5.742104920102442112e-01 1.728170498286312612e-02 1.104000000000000000e+03
7.476787686347961426e+00 -3.454024635518647024e+00 6.437451320458206228e-01 1.257900265376918694e-02 2.619000000000000000e+03
8.323163866996765137e+00 -3.684117602382089851e-01 8.796349925112629808e-01 7.657400179705044219e-03 1.319600000000000000e+04
9.169540047645568848e+00 6.390077353707449559e-01 5.315259504316364181e-01 6.504310501787406024e-03 6.678000000000000000e+03
1.001591622829437256e+01 1.786540394832466960e+00 3.260469254683933116e-01 6.937168626987092086e-03 2.209000000000000000e+03
1.086229240894317627e+01 2.560673908770065399e+00 4.927184651609747834e-01 2.767382607375081308e-02 3.170000000000000000e+02
