7.286390399932860973e+00 -8.432562816743434553e+00 6.782058166417704870e-01 1.957811554020481015e-01 1.200000000000000000e+01
7.549749660491944070e+00 -8.184275562356619460e+00 8.239816024154233975e-01 1.111056566041440513e-01 5.500000000000000000e+01
7.813108921051025391e+00 -7.423102428731552571e+00 9.038061844026072933e-01 1.004229093780674709e-01 8.100000000000000000e+01
8.076468181610106711e+00 -6.094641001743387854e+00 1.031777158800907257e+00 1.191393640754822014e-01 7.500000000000000000e+01
8.339827442169189808e+00 -4.981020055075673802e+00 7.990787160055786709e-01 9.911351645563742929e-02 6.500000000000000000e+01
8.603186702728271129e+00 -4.275830440977143709e+00 5.934887583442464143e-01 6.635406037698401982e-02 8.000000000000000000e+01
8.866545963287354226e+00 -3.651032328389897774e+00 5.367721519185303380e-01 7.443690449936182785e-02 5.200000000000000000e+01
9.129905223846435547e+00 -2.823598413865801682e+00 3.336590796598992159e-01 5.560984660998320034e-02 3.600000000000000000e+01
9.393264484405516868e+00 -2.417945810262901229e+00 2.947516992584728879e-01 7.368792481461822197e-02 1.600000000000000000e+01
9.656623744964599965e+00 -1.940860603502636561e+00 2.654342016097457346e-01 1.327171008048728673e-01 4.000000000000000000e+00
