3.909986412525177091e+00 -8.524914897929802393e+00 1.842563775965865014e-01 1.302889340754153635e-01 2.000000000000000000e+00
4.434204328060150857e+00 -9.668936332475045248e+00 1.782113860911874514e+00 4.088449592419978740e-01 1.900000000000000000e+01
4.958422243595123291e+00 -8.984912163321430612e+00 1.437307210010954517e+00 1.056729277240908982e-01 1.850000000000000000e+02
5.482640159130095725e+00 -7.615033846631185099e+00 1.277168374360152736e+00 3.814567897782829980e-02 1.121000000000000000e+03
6.006858074665069935e+00 -6.284940831285158680e+00 5.051357470599915356e-01 9.757548225468025763e-03 2.680000000000000000e+03
6.531075990200042369e+00 -5.973755787309146470e+00 5.179258891125864128e-01 1.845034585581849587e-02 7.880000000000000000e+02
7.055293905735014803e+00 -5.427670929118177057e+00 4.106086891748788048e-01 2.833469147662936310e-02 2.100000000000000000e+02
7.579511821269989014e+00 -4.824964381391788848e+00 3.287351039455042034e-01 4.016138498943448709e-02 6.700000000000000000e+01
8.103729736804961448e+00 -4.345220572981869367e+00 2.076885652738982846e-01 6.922952175796609486e-02 9.000000000000000000e+00
8.627947652339935658e+00 -3.585491122643092332e+00 2.089146964014101937e-01 1.044573482007050969e-01 4.000000000000000000e+00
