2.825288474559783936e+00 -1.199347557569408096e+01 5.794543994006957632e-01 2.897271997003478816e-01 4.000000000000000000e+00
3.481297075748443604e+00 -1.045847347992027565e+01 6.398200244253147151e-01 8.474623250494760229e-02 5.700000000000000000e+01
4.137305676937103271e+00 -8.830783115133501227e+00 6.860481820634800609e-01 4.523667750613365179e-02 2.300000000000000000e+02
4.793314278125762939e+00 -7.071114572261659958e+00 6.124066560474530352e-01 2.665157879410197730e-02 5.280000000000000000e+02
5.449322879314422607e+00 -5.153925056776937907e+00 5.621761354134110489e-01 1.209330544817345532e-02 2.161000000000000000e+03
6.105331480503082275e+00 -3.888774426759545211e+00 8.308033249398665276e-01 1.376853986888799779e-02 3.641000000000000000e+03
6.761340081691741943e+00 -2.321523501941654022e+00 9.788136086507356337e-01 3.536597324109227308e-02 7.660000000000000000e+02
7.417348682880401611e+00 -9.808503228371404647e-01 7.432343639071984365e-01 5.022312406030597642e-02 2.190000000000000000e+02
8.073357284069061279e+00 5.259139746756042594e-02 5.202344997551346939e-01 8.793568018492270433e-02 3.500000000000000000e+01
8.729365885257720947e+00 9.245472679735353694e-01 3.709131666225793378e-01 1.236377222075264459e-01 9.000000000000000000e+00
