3.186178040504455744e+00 -8.878736025653694242e+00 1.290678298130206181e-01 9.126473769381811263e-02 2.000000000000000000e+00
3.830446696281432750e+00 -1.069086636114695743e+01 2.004401093425979941e+00 4.008802186851959659e-01 2.500000000000000000e+01
4.474715352058410645e+00 -1.011890726100480364e+01 1.462278067914231094e+00 9.814167796873005112e-02 2.220000000000000000e+02
5.118984007835388539e+00 -7.576605101863351344e+00 1.147898843057648222e+00 3.295893862863367302e-02 1.213000000000000000e+03
5.763252663612365545e+00 -6.602175777308477045e+00 5.269582737331049982e-01 8.489394648867710363e-03 3.853000000000000000e+03
6.407521319389343439e+00 -6.269291731528799261e+00 6.097413037918510970e-01 1.410018503215692762e-02 1.870000000000000000e+03
7.051789975166320446e+00 -5.618039500140158182e+00 6.492230508079468443e-01 2.825380671926357862e-02 5.280000000000000000e+02
7.696058630943298340e+00 -4.877943756008265019e+00 5.100555252205065671e-01 3.982864507287765116e-02 1.640000000000000000e+02
8.340327286720276234e+00 -4.238182305954117268e+00 6.189301648037022208e-01 1.017514923064665455e-01 3.700000000000000000e+01
8.984595942497254129e+00 -3.263802534745505746e+00 2.056865368257206617e-01 6.856217894190688722e-02 9.000000000000000000e+00
