2.769187533855438144e+00 -9.480243092652006709e+00 2.090040353857178790e-01 1.477881707165942249e-01 2.000000000000000000e+00
3.472872030735016047e+00 -9.117457483184045586e+00 9.762838664611372952e-01 2.818288765534131546e-01 1.200000000000000000e+01
4.176556527614593506e+00 -8.826062116917199774e+00 1.371762109348458658e+00 1.833094224764379720e-01 5.600000000000000000e+01
4.880241024494171853e+00 -7.551115192612900096e+00 1.274771736780758502e+00 4.588003873720294945e-02 7.720000000000000000e+02
5.583925521373748424e+00 -5.716414252647100902e+00 9.885615192299849197e-01 1.871215399208213045e-02 2.791000000000000000e+03
6.287610018253326771e+00 -4.625361272635655219e+00 4.446859872259146806e-01 9.699226215007015692e-03 2.102000000000000000e+03
6.991294515132905119e+00 -4.096953976640247852e+00 5.824147245462977240e-01 2.076084280227227449e-02 7.870000000000000000e+02
7.694979012012481689e+00 -3.464078116539562213e+00 5.997157393223720989e-01 3.815899870475788352e-02 2.470000000000000000e+02
8.398663508892060037e+00 -2.695970593313408159e+00 2.907123282773056427e-01 3.633904103466320534e-02 6.400000000000000000e+01
9.102348005771636608e+00 -1.775459766767777836e+00 2.585058477702890101e-01 7.794244574243451573e-02 1.100000000000000000e+01
