5.025565814971924006e+00 -6.484702347796233113e+00 6.723365809448949015e-01 1.630655728942611571e-01 1.700000000000000000e+01
5.585192775726318004e+00 -5.377057060364126784e+00 2.969313409211122856e-01 4.040723743872885743e-02 5.400000000000000000e+01
6.144819736480712891e+00 -4.520983581705128707e+00 2.295653910891456428e-01 1.940181670174073378e-02 1.400000000000000000e+02
6.704446697235107777e+00 -3.768740273107788141e+00 1.889697750510496155e-01 8.927982680230272389e-03 4.480000000000000000e+02
7.264073657989501775e+00 -3.140754249594390313e+00 1.894274203375036769e-01 6.255444527215133291e-03 9.170000000000000000e+02
7.823700618743896662e+00 -2.499997347971064432e+00 2.077340343292566338e-01 6.579002876977224808e-03 9.970000000000000000e+02
8.383327579498292437e+00 -1.879093470369455954e+00 1.831334890072582877e-01 4.773246519322025573e-03 1.472000000000000000e+03
8.942954540252685547e+00 -1.453162644599909958e+00 2.877151558801359088e-01 7.473751229336581675e-03 1.482000000000000000e+03
9.502581501007080433e+00 -9.537077931271270570e-01 2.808826645082447282e-01 1.442797334457605885e-02 3.790000000000000000e+02
1.006220846176147532e+01 -2.652650830136482618e-01 2.994971061663478373e-01 4.368614284459835378e-02 4.700000000000000000e+01
