5.563302183151245472e+00 -1.388078503413310827e+01 6.987230808956954586e-01 6.918389417699649657e-02 1.020000000000000000e+02
6.114779901504515891e+00 -9.824340212787777915e+00 2.557518386756443274e+00 1.266160273382280210e-01 4.080000000000000000e+02
6.666257619857788086e+00 -6.652417692339058775e+00 3.895610193081202599e-01 1.303616245875461981e-02 8.930000000000000000e+02
7.217735338211060281e+00 -5.578861289017488900e+00 3.655259483938567144e-01 9.335705327696255246e-03 1.533000000000000000e+03
7.769213056564330699e+00 -4.544846115481600890e+00 3.307773719649056976e-01 7.381658308569079285e-03 2.008000000000000000e+03
8.320690774917602894e+00 -3.897624664975547049e+00 2.354880125523073908e-01 3.366519981582763530e-03 4.893000000000000000e+03
8.872168493270875089e+00 -3.733618172856307371e+00 3.875639662001130747e-01 5.356037052353237321e-03 5.236000000000000000e+03
9.423646211624145508e+00 -3.202824525514430754e+00 2.995841282777216841e-01 6.929695481243950544e-03 1.869000000000000000e+03
9.975123929977417703e+00 -2.630114490353621104e+00 2.335928159470256060e-01 1.056343228114834353e-02 4.890000000000000000e+02
1.052660164833068812e+01 -2.186133610118101256e+00 1.820078079218157285e-01 1.887333048786965506e-02 9.300000000000000000e+01
