2.464093208312988281e+00 -8.771991447519079443e+00 5.752223495910293583e-01 1.660523891901349303e-01 1.200000000000000000e+01
3.293694496154785156e+00 -7.508393511039590962e+00 6.647995797347291402e-01 1.486537051700145828e-01 2.000000000000000000e+01
4.123295783996582031e+00 -6.455381746701969625e+00 5.410980670923858371e-01 5.045765492931897356e-02 1.150000000000000000e+02
4.952897071838378906e+00 -5.331589275210268042e+00 7.207404085452121523e-01 3.005695279501231776e-02 5.750000000000000000e+02
5.782498359680175781e+00 -3.979696419835054400e+00 9.149938333174679750e-01 2.628251114185271853e-02 1.212000000000000000e+03
6.612099647521972656e+00 -3.190991664189308796e+00 5.669114769231865525e-01 1.677575972704782592e-02 1.142000000000000000e+03
7.441700935363769531e+00 -2.827418053599345171e+00 4.135822634683058441e-01 1.806742506776564880e-02 5.240000000000000000e+02
8.271302223205566406e+00 -2.633549287999993549e+00 3.513392705602677579e-01 2.786301656428764179e-02 1.590000000000000000e+02
9.100903511047363281e+00 -2.423965269299707792e+00 1.778120065407056694e-01 3.005571477393844185e-02 3.500000000000000000e+01
9.930504798889160156e+00 -2.285485722268526310e+00 1.330278821956810409e-01 3.689529617868547023e-02 1.300000000000000000e+01
