2.463178396224975586e+00 -8.483347336533100247e+00 2.313583997917785240e-01 6.975718220057892938e-02 1.100000000000000000e+01
3.290950059890747070e+00 -7.383341105726858977e+00 4.702793208199488317e-01 1.026233612109446469e-01 2.100000000000000000e+01
4.118721723556518555e+00 -6.378535187806078532e+00 3.911695860535509550e-01 3.679813926775487437e-02 1.130000000000000000e+02
4.946493387222290039e+00 -5.895632662747529729e+00 5.303889068621201464e-01 2.221554665537590900e-02 5.700000000000000000e+02
5.774265050888061523e+00 -5.409402730506381651e+00 5.651842749103995756e-01 1.627482832433965049e-02 1.206000000000000000e+03
6.602036714553833008e+00 -4.737236657318072197e+00 5.799837316370772822e-01 1.731487590989627331e-02 1.122000000000000000e+03
7.429808378219604492e+00 -3.984809791074189089e+00 5.232745556835901590e-01 2.266553700617628120e-02 5.330000000000000000e+02
8.257580041885375977e+00 -3.045691569141359079e+00 5.212974689663331107e-01 4.134157843946054817e-02 1.590000000000000000e+02
9.085351705551147461e+00 -2.025837350520394153e+00 3.853782603161091114e-01 6.335579572546870541e-02 3.700000000000000000e+01
9.913123369216918945e+00 -1.021130166573259945e+00 2.538591143653885496e-01 7.040785027602196322e-02 1.300000000000000000e+01
