2.722357583045959650e+00 -1.108260305444810001e+01 8.433181982424767797e-01 4.868899887678042049e-01 3.000000000000000000e+00
3.546880221366881969e+00 -8.717267890847070433e+00 4.040575737036555815e-01 1.043272169242155933e-01 1.500000000000000000e+01
4.371402859687805176e+00 -8.092897298976698295e+00 6.819117160524894583e-01 8.036406643187847532e-02 7.200000000000000000e+01
5.195925498008728383e+00 -7.456137238211630880e+00 4.992007225188627162e-01 2.999406447680649096e-02 2.770000000000000000e+02
6.020448136329650701e+00 -6.961455609778320230e+00 6.269073159310577514e-01 3.062642652730900028e-02 4.190000000000000000e+02
6.844970774650573908e+00 -6.349321686637082962e+00 7.430959361031392874e-01 3.206695655218241847e-02 5.370000000000000000e+02
7.669493412971497115e+00 -5.599448317771411610e+00 6.772293111680565136e-01 3.865151833237494283e-02 3.070000000000000000e+02
8.494016051292419434e+00 -4.619917548356363035e+00 4.285034290388827216e-01 3.895485718535297154e-02 1.210000000000000000e+02
9.318538689613342640e+00 -3.760139570949013965e+00 3.463999906918096561e-01 5.694780767231870378e-02 3.700000000000000000e+01
1.014306132793426585e+01 -2.779908258631544005e+00 2.264199181514284231e-01 6.279758651394883040e-02 1.300000000000000000e+01
