5.219573450088501154e+00 -9.172919943315088531e+00 9.619896791773117906e-02 6.802294255777484311e-02 2.000000000000000000e+00
5.682270383834838512e+00 -8.029092645076881141e+00 3.206647136371188617e-02 2.267441935000491168e-02 2.000000000000000000e+00
6.144967317581176758e+00 -7.108562478789727912e+00 2.313748752698202016e-01 7.712495842327339590e-02 9.000000000000000000e+00
6.607664251327515004e+00 -6.405667604323977748e+00 1.969386977992382270e-01 4.106455717677148093e-02 2.300000000000000000e+01
7.070361185073852361e+00 -5.998900194065993396e+00 1.642121967103004343e-01 2.475592011309544691e-02 4.400000000000000000e+01
7.533058118820190607e+00 -5.641799232190166435e+00 1.440618515987619752e-01 1.571843665968623155e-02 8.400000000000000000e+01
7.995755052566528853e+00 -5.405931888868527935e+00 7.928866009186348596e-02 1.099535882784804207e-02 5.200000000000000000e+01
8.458451986312866211e+00 -5.190036915634655301e+00 2.406315938300848389e-01 3.403044635299599247e-02 5.000000000000000000e+01
8.921148920059204457e+00 -4.242741867394494548e+00 9.862098293120162840e-01 1.716770953671046540e-01 3.300000000000000000e+01
9.383845853805542703e+00 -2.738683004830289036e+00 6.079461961726685404e-01 1.754989500065496089e-01 1.200000000000000000e+01
