5.100941753387450817e+00 -9.462244235202437181e+00 5.302383667536423317e-01 2.651191833768211659e-01 4.000000000000000000e+00
5.594348239898682351e+00 -7.878549727471682473e+00 4.192679882550089943e-01 1.210322429408111494e-01 1.200000000000000000e+01
6.087754726409912109e+00 -6.441840974267144304e+00 3.967055670472184326e-01 8.656825188591703302e-02 2.100000000000000000e+01
6.581161212921141868e+00 -5.338401306228859333e+00 3.360022093695276268e-01 4.337769870590260646e-02 6.000000000000000000e+01
7.074567699432373402e+00 -4.182928048355729622e+00 3.265120941952236455e-01 2.944060406875055255e-02 1.230000000000000000e+02
7.567974185943603160e+00 -3.319339672493928806e+00 2.877433351617841861e-01 2.206890638432629573e-02 1.700000000000000000e+02
8.061380672454834695e+00 -2.427120423998337273e+00 2.716169167687866870e-01 2.303824619170909485e-02 1.390000000000000000e+02
8.554787158966064453e+00 -1.482338073278581803e+00 5.644729633505516375e-01 4.858209747646746735e-02 1.350000000000000000e+02
9.048193645477294211e+00 3.178936178068480500e-01 1.061357068974602580e+00 1.225549578957597918e-01 7.500000000000000000e+01
9.541600131988525746e+00 1.616530351075523342e+00 7.211425832002845704e-01 1.802856458000711426e-01 1.600000000000000000e+01
