3.610919225215911688e+00 -9.587867435646476366e+00 3.413598048350549585e-01 1.526607456794488449e-01 5.000000000000000000e+00
4.385543072223663685e+00 -8.749511401142274991e+00 2.132179588253902136e-01 3.553632647089836893e-02 3.600000000000000000e+01
5.160166919231414795e+00 -7.887075139983082295e+00 3.764814789990004185e-01 3.094658694332940579e-02 1.480000000000000000e+02
5.934790766239165904e+00 -6.861638950668681680e+00 3.146012438120294741e-01 1.479759776367060853e-02 4.520000000000000000e+02
6.709414613246917902e+00 -6.015156804976791172e+00 2.565794118199962170e-01 6.884472704076289445e-03 1.389000000000000000e+03
7.484038460254669012e+00 -5.403675436156604839e+00 2.499431101632177132e-01 5.085020460004876196e-03 2.416000000000000000e+03
8.258662307262419233e+00 -3.270660961443490944e+00 1.066046314933447592e+00 1.112761385495312713e-02 9.178000000000000000e+03
9.033286154270172119e+00 -2.631489069137115777e+00 6.208494143822008704e-01 7.336165453442247686e-03 7.162000000000000000e+03
9.807910001277923229e+00 -2.348714351965564884e+00 2.259213136555862089e-01 5.273988401464533779e-03 1.835000000000000000e+03
1.058253384828567434e+01 -2.187802130279592028e+00 2.698354864668441877e-01 1.527642621618212522e-02 3.120000000000000000e+02
