6.034190702438354315e+00 -1.177155206723913317e+01 4.531027396611204128e-01 7.770647877607667064e-02 3.400000000000000000e+01
6.456913614273071644e+00 -1.066728261687573998e+01 5.290018264430853545e-01 5.545445932584863041e-02 9.100000000000000000e+01
6.879636526107788086e+00 -8.445095269566387230e+00 1.224267666246099839e+00 8.055089860910621957e-02 2.310000000000000000e+02
7.302359437942504528e+00 -6.770936869937671965e+00 4.663831752210095827e-01 2.398816210085302422e-02 3.780000000000000000e+02
7.725082349777221857e+00 -5.738226086656257330e+00 5.615661774981252075e-01 2.854601307186993564e-02 3.870000000000000000e+02
8.147805261611939187e+00 -4.447292600656644446e+00 5.623529862865942475e-01 2.896265230617910483e-02 3.770000000000000000e+02
8.570528173446653852e+00 -3.696202646002580749e+00 2.444048656092212835e-01 1.076976515176617660e-02 5.150000000000000000e+02
8.993251085281372070e+00 -3.232494533034252271e+00 1.988412281417152316e-01 1.017360227595842659e-02 3.820000000000000000e+02
9.415973997116090288e+00 -2.905463824838201869e+00 2.026498910690447686e-01 2.016441782057026844e-02 1.010000000000000000e+02
9.838696908950804954e+00 -2.523035755756111609e+00 1.587476184542512270e-01 3.384510597419348316e-02 2.200000000000000000e+01
