4.314316785335540416e+00 -6.653091201635596974e+00 7.013506118770991560e-02 3.506753059385495780e-02 4.000000000000000000e+00
4.943899738788605447e+00 -6.547426839187630243e+00 3.434914756755027554e-01 9.526739447944744532e-02 1.300000000000000000e+01
5.573482692241668701e+00 -6.292379126558595104e+00 5.680932807029429599e-01 1.211178944026763127e-01 2.200000000000000000e+01
6.203065645694731955e+00 -5.482560837995573699e+00 6.083713852681381651e-01 1.241832890014248070e-01 2.400000000000000000e+01
6.832648599147796986e+00 -5.365359480899984490e+00 7.771220352863875691e-01 1.495572054219285740e-01 2.700000000000000000e+01
7.462231552600860240e+00 -4.719121140362033451e+00 9.030853964658476229e-01 1.042793193501554000e-01 7.500000000000000000e+01
8.091814506053923495e+00 -3.846230013389114522e+00 3.413888352876360277e-01 3.915998509136467409e-02 7.600000000000000000e+01
8.721397459506988525e+00 -3.028251353196425466e+00 2.734039146146829968e-01 3.905770208781185471e-02 4.900000000000000000e+01
9.350980412960051780e+00 -2.340940513457541616e+00 3.556477639380338784e-01 7.415768510824798099e-02 2.300000000000000000e+01
9.980563366413116810e+00 -1.517533186853620375e+00 3.364371476605133027e-01 2.378969885538087525e-01 2.000000000000000000e+00
