6.105962324142455877e+00 -9.787130095546510589e+00 5.542260885269524318e-01 6.315992453750182700e-02 7.700000000000000000e+01
6.551863336563110707e+00 -8.647277541436210413e+00 4.454493148072213859e-01 2.726105535025788451e-02 2.670000000000000000e+02
6.997764348983764648e+00 -7.028912487008346588e+00 6.853053047393380393e-01 2.901128691193339756e-02 5.580000000000000000e+02
7.443665361404418590e+00 -5.813937646441457829e+00 4.369541329797232976e-01 1.549716607601205921e-02 7.950000000000000000e+02
7.889566373825073420e+00 -4.729243864322160817e+00 5.073431949886221259e-01 1.808483177716100135e-02 7.870000000000000000e+02
8.335467386245728250e+00 -3.847778571640798617e+00 2.498191089645535601e-01 7.491577237128324053e-03 1.112000000000000000e+03
8.781368398666380415e+00 -3.397734792472962173e+00 2.042999686828747830e-01 5.450422113257453668e-03 1.405000000000000000e+03
9.227269411087036133e+00 -3.097252699275000243e+00 2.313051320355219709e-01 8.949464248673147035e-03 6.680000000000000000e+02
9.673170423507690074e+00 -2.733812680043335774e+00 1.884508206806987940e-01 1.538694507588145646e-02 1.500000000000000000e+02
1.011907143592834402e+01 -2.324966198965890296e+00 1.473894359739041926e-01 2.690950627362357836e-02 3.000000000000000000e+01
