5.731769418716430309e+00 -8.103109462017354048e+00 1.143001382943670929e+00 3.446278838255895094e-01 1.100000000000000000e+01
6.316390562057495828e+00 -7.806620478229758575e+00 7.174739126902509589e-01 3.271399451921832430e-02 4.810000000000000000e+02
6.901011705398559570e+00 -6.160787623812154834e+00 7.337857429340595150e-01 2.359695869605880555e-02 9.670000000000000000e+02
7.485632848739623313e+00 -4.335728622729457804e+00 7.391400682802403699e-01 1.802780654342049649e-02 1.681000000000000000e+03
8.070253992080688832e+00 -2.806939476979743109e+00 4.148969187024125760e-01 5.148539717031996865e-03 6.494000000000000000e+03
8.654875135421752574e+00 -2.271378294946859278e+00 2.001728141985755494e-01 2.023806880737901402e-03 9.783000000000000000e+03
9.239496278762816317e+00 -1.786109711614859208e+00 2.599560764685166503e-01 4.124209240665006361e-03 3.973000000000000000e+03
9.824117422103881836e+00 -1.167820436579738219e+00 2.265930342784402696e-01 5.139234381955152739e-03 1.944000000000000000e+03
1.040873856544494558e+01 -6.760954537347210191e-01 5.149025704026739536e-01 1.887724411665784793e-02 7.440000000000000000e+02
1.099335970878601110e+01 -2.814300727427515025e-01 4.451767786149168904e-01 4.407906935358308492e-02 1.020000000000000000e+02
