5.025565814971924006e+00 -8.710557782035099450e+00 6.644537904942077189e-01 1.611537153852733162e-01 1.700000000000000000e+01
5.585192775726318004e+00 -7.626937157369240161e+00 3.274838489141128628e-01 4.456490715790419055e-02 5.400000000000000000e+01
6.144819736480712891e+00 -6.822624224568953011e+00 2.781874823553151521e-01 2.351113343248087406e-02 1.400000000000000000e+02
6.704446697235107777e+00 -6.190219854782767150e+00 2.071414186368787103e-01 9.786512141683946508e-03 4.480000000000000000e+02
7.264073657989501775e+00 -5.709493371193929967e+00 1.689543919400201821e-01 5.579365566648711652e-03 9.170000000000000000e+02
7.823700618743896662e+00 -5.359012599881048722e+00 1.095824846186894963e-01 3.470512108911250927e-03 9.970000000000000000e+02
8.383327579498292437e+00 -4.467203933133238714e+00 9.646074076381093709e-01 2.516747783723581947e-02 1.469000000000000000e+03
8.942954540252685547e+00 -2.783384963455556527e+00 6.733177950658325583e-01 1.768829203324496016e-02 1.449000000000000000e+03
9.502581501007080433e+00 -2.459955017312402958e+00 2.343793059984894123e-01 1.205517069245237889e-02 3.780000000000000000e+02
1.006220846176147532e+01 -2.320412579049556889e+00 1.111535361417704676e-01 1.621340960428026626e-02 4.700000000000000000e+01
