5.163901114463806508e+00 -6.148727577486975626e+00 3.925333084915120785e-01 1.133146056617344577e-01 1.200000000000000000e+01
5.678233456611632590e+00 -5.192379717922910309e+00 2.613589962517293142e-01 4.355983270862155005e-02 3.600000000000000000e+01
6.192565798759460449e+00 -4.468510319979513312e+00 2.218000994335048992e-01 2.561126942284396024e-02 7.500000000000000000e+01
6.706898140907288308e+00 -3.741777496258851698e+00 1.869019688729871842e-01 1.305379973998769400e-02 2.050000000000000000e+02
7.221230483055114391e+00 -3.168186357655971452e+00 1.716096665681295097e-01 8.256573932387623396e-03 4.320000000000000000e+02
7.735562825202942250e+00 -2.597436110973899481e+00 1.824064234262681161e-01 8.523292425530071270e-03 4.580000000000000000e+02
8.249895167350770109e+00 -1.961960818786609773e+00 1.726701695714389084e-01 7.631015488287218491e-03 5.120000000000000000e+02
8.764227509498596191e+00 -1.448010881238726899e+00 2.414564345338313933e-01 9.915427346143224421e-03 5.930000000000000000e+02
9.278559851646424050e+00 -9.692066064438243922e-01 2.812773816164655938e-01 1.918295820835057633e-02 2.150000000000000000e+02
9.792892193794250133e+00 -3.485883562578873107e-01 2.944531169942157800e-01 4.840779424275496595e-02 3.700000000000000000e+01
