4.314396321773529053e+00 -7.473831660377774355e+00 2.252869240813414053e-01 1.126434620406707027e-01 4.000000000000000000e+00
4.944138348102569580e+00 -5.863806894709731488e+00 9.106501252562761994e-01 2.525689015860929643e-01 1.300000000000000000e+01
5.573880374431610107e+00 -4.393557085919185035e+00 4.982144613959282875e-01 1.062196800683365278e-01 2.200000000000000000e+01
6.203622400760650635e+00 -3.607587509750027621e+00 5.383644254241890525e-01 1.098931781629925303e-01 2.400000000000000000e+01
6.833364427089691162e+00 -2.922075236913596719e+00 5.763176536206102707e-01 1.109123841521976045e-01 2.700000000000000000e+01
7.463106453418731689e+00 -2.134250655045570877e+00 4.556497720001408958e-01 5.261390370409458478e-02 7.500000000000000000e+01
8.092848479747772217e+00 -1.261496225484648237e+00 3.266451816855425183e-01 3.746877203583585253e-02 7.600000000000000000e+01
8.722590506076812744e+00 -3.759947570567646058e-01 2.980799373071679192e-01 4.215486900111187901e-02 5.000000000000000000e+01
9.352332532405853271e+00 4.400574643775743700e-01 4.199070636262664524e-01 8.571317043956191983e-02 2.400000000000000000e+01
9.982074558734893799e+00 -1.263710183841059709e-01 1.149672342972027472e+00 4.064705549290734132e-01 8.000000000000000000e+00
