5.025565814971924006e+00 -9.405350723315340389e+00 7.783541612273343624e-01 1.887786129929022172e-01 1.700000000000000000e+01
5.585192775726318004e+00 -7.811147994019670193e+00 4.909590798147649426e-01 6.681106834069634737e-02 5.400000000000000000e+01
6.144819736480712891e+00 -6.391330645193302296e+00 4.468175946692864442e-01 3.776297912223091496e-02 1.400000000000000000e+02
6.704446697235107777e+00 -5.072237201928209593e+00 3.691624834478243744e-01 1.744128793889181128e-02 4.480000000000000000e+02
7.264073657989501775e+00 -3.946751092828218344e+00 3.536051344839321042e-01 1.167707029616741991e-02 9.170000000000000000e+02
7.823700618743896662e+00 -2.879556045277738008e+00 3.241921607438938979e-01 1.026726874637679497e-02 9.970000000000000000e+02
8.383327579498292437e+00 -1.495943123014935816e+00 8.876878687815781266e-01 2.313696447807053053e-02 1.472000000000000000e+03
8.942954540252685547e+00 7.473088744816446249e-01 7.551125065113701851e-01 1.961496608186296189e-02 1.482000000000000000e+03
9.502581501007080433e+00 1.674100233134682369e+00 2.379209421865824126e-01 1.222117790001124235e-02 3.790000000000000000e+02
1.006220846176147532e+01 2.347581839428400485e+00 2.091307690803213826e-01 3.050485785384923071e-02 4.700000000000000000e+01
