4.521556353569030406e+00 -1.128702340018505623e+01 2.378787880081474793e+00 6.597570519296954705e-01 1.300000000000000000e+01
5.237431931495667214e+00 -8.853998539800269185e+00 2.252488517301552751e+00 2.957662322643523356e-01 5.800000000000000000e+01
5.953307509422302246e+00 -6.789227556785355944e+00 1.106545263161791581e+00 9.065172010812816428e-02 1.490000000000000000e+02
6.669183087348937278e+00 -5.697727306356393129e+00 2.445512618784317083e-01 1.309052892458170518e-02 3.490000000000000000e+02
7.385058665275574086e+00 -5.388281512020922648e+00 3.725961236103333962e-01 8.572793316409137165e-03 1.889000000000000000e+03
8.100934243202209117e+00 -5.590811072889048994e+00 3.536147292248513763e-01 4.228316934826314641e-03 6.994000000000000000e+03
8.816809821128844149e+00 -5.007047024710717942e+00 3.936092909113028115e-01 5.121752874214118879e-03 5.906000000000000000e+03
9.532685399055480957e+00 -6.096623107447697976e+00 2.066947109002235994e+00 3.750036362085151093e-02 3.038000000000000000e+03
1.024856097698211599e+01 -7.905774047438947072e+00 1.490109817118523416e+00 4.377000114305441142e-02 1.159000000000000000e+03
1.096443655490875280e+01 -7.117214443965854898e+00 2.032586076373104511e+00 2.002766571439504040e-01 1.030000000000000000e+02
