2.797420775890350431e+00 -8.787309691825967661e+00 0.000000000000000000e+00 0.000000000000000000e+00 1.000000000000000000e+00
3.691740381717682151e+00 -7.382728667388668065e+00 2.737367187303464400e-01 1.117525474588512563e-01 6.000000000000000000e+00
4.586059987545013428e+00 -6.323943906275123261e+00 2.874706452514627086e-01 5.081811066234541430e-02 3.200000000000000000e+01
5.480379593372344260e+00 -5.330306536609315415e+00 3.395896175181049026e-01 3.346075927012027301e-02 1.030000000000000000e+02
6.374699199199676869e+00 -4.309211504271607929e+00 2.728207742719149231e-01 1.537170921028247275e-02 3.150000000000000000e+02
7.269018805027007701e+00 -3.856425292339149991e+00 3.737623174174269924e-01 8.730000756815028962e-03 1.833000000000000000e+03
8.163338410854338534e+00 -4.014290901305566095e+00 3.634459838264706422e-01 3.894312482112116322e-03 8.710000000000000000e+03
9.057658016681671143e+00 -3.239841188582856635e+00 3.943312255014099765e-01 5.265243352085882331e-03 5.609000000000000000e+03
9.951977622509001975e+00 -2.428056164754951674e+00 3.524322153665001012e-01 1.511040657349868241e-02 5.440000000000000000e+02
1.084629722833633281e+01 -1.987959057220168413e+00 9.098013212938790284e-01 1.634051410953460126e-01 3.100000000000000000e+01
