1.676277363300323398e+00 -1.414937279171618911e+01 1.163609995292905763e+00 5.818049976464528816e-01 4.000000000000000000e+00
2.544684541225433527e+00 -1.241157958013470797e+01 5.438037941556969068e-01 1.404095358912946789e-01 1.500000000000000000e+01
3.413091719150543213e+00 -1.031696361393626837e+01 8.888814467004456654e-01 1.524419104685527937e-01 3.400000000000000000e+01
4.281498897075653787e+00 -7.526060688836408552e+00 8.232826900789342872e-01 5.292261572621066029e-02 2.420000000000000000e+02
5.149906075000762584e+00 -5.643260632536246213e+00 7.045140057822212309e-01 1.880878732517976548e-02 1.403000000000000000e+03
6.018313252925873158e+00 -3.573732160501368771e+00 9.722831632878261576e-01 2.049297535551644622e-02 2.251000000000000000e+03
6.886720430850983732e+00 -2.059300989840717744e+00 7.406075474521903734e-01 2.169827309327104770e-02 1.165000000000000000e+03
7.755127608776092529e+00 -8.116738430686558647e-01 5.312592337346139226e-01 2.815668307462470404e-02 3.560000000000000000e+02
8.623534786701203103e+00 3.303818398706373505e-01 4.546213987561361636e-01 5.395363374662162648e-02 7.100000000000000000e+01
9.491941964626311901e+00 1.583435182960973187e+00 3.430732849819052577e-01 9.903672671803610827e-02 1.200000000000000000e+01
