3.533192849159240811e+00 -1.071105200647461508e+01 6.826442208015343072e-01 8.101496403192957885e-02 7.100000000000000000e+01
4.097073245048523660e+00 -9.173793749675676068e+00 5.319560124813059732e-01 3.570254988843356292e-02 2.220000000000000000e+02
4.660953640937805176e+00 -7.633003208980304599e+00 5.370967295876284409e-01 2.620763687924925964e-02 4.200000000000000000e+02
5.224834036827086692e+00 -5.974413593928682431e+00 5.177344550422342540e-01 1.776860049775605410e-02 8.490000000000000000e+02
5.788714432716369984e+00 -4.520643947524219719e+00 4.662746291194281301e-01 9.286570551408699151e-03 2.521000000000000000e+03
6.352594828605651500e+00 -3.466335295260368099e+00 8.592134260740008633e-01 2.207469634767661101e-02 1.515000000000000000e+03
6.916475224494933016e+00 -2.234249684432504157e+00 1.022590689261743346e+00 5.770813114739433564e-02 3.140000000000000000e+02
7.480355620384216309e+00 -1.105490832893253117e+00 9.234311579040234141e-01 9.627435340620177362e-02 9.200000000000000000e+01
8.044236016273497825e+00 -6.003750225248692951e-01 1.050115397338914791e+00 2.912496084815152653e-01 1.300000000000000000e+01
8.608116412162781117e+00 9.818042701904310388e-01 2.923204562380591343e-01 1.461602281190295671e-01 4.000000000000000000e+00
