5.100941753387450817e+00 -6.527774842032252778e+00 3.920127793788674708e-01 1.960063896894337354e-01 4.000000000000000000e+00
5.594348239898682351e+00 -5.422061654079119997e+00 2.577917979297791873e-01 7.441808196481781990e-02 1.200000000000000000e+01
6.087754726409912109e+00 -4.568101575008918225e+00 2.116034747130416116e-01 4.617566381848510482e-02 2.100000000000000000e+01
6.581161212921141868e+00 -3.908353201837533319e+00 1.691536229546998227e-01 2.183763882180670204e-02 6.000000000000000000e+01
7.074567699432373402e+00 -3.269779759458258273e+00 1.732028822816339408e-01 1.561717795902271486e-02 1.230000000000000000e+02
7.567974185943603160e+00 -2.761619694018825566e+00 1.650682898953044209e-01 1.266015991186066579e-02 1.700000000000000000e+02
8.061380672454834695e+00 -2.166232796650523706e+00 2.012661150238160557e-01 1.707116906828964539e-02 1.390000000000000000e+02
8.554787158966064453e+00 -1.576929698116237066e+00 1.719579178052547119e-01 1.479978115351678579e-02 1.350000000000000000e+02
9.048193645477294211e+00 -9.816563437924920033e-01 2.786994616867018437e-01 3.218144184556421400e-02 7.500000000000000000e+01
9.541600131988525746e+00 -5.514199643905662862e-01 2.120208107007511278e-01 5.300520267518778195e-02 1.600000000000000000e+01
