4.315914285182953058e+00 -8.015889881926675287e+00 7.998436764769045748e-02 3.999218382384522874e-02 4.000000000000000000e+00
4.948692238330840709e+00 -7.875975162857264955e+00 4.494262483616157100e-01 1.246484140774783977e-01 1.300000000000000000e+01
5.581470191478729248e+00 -7.712855714034922983e+00 5.796942022176837517e-01 1.159388404435367503e-01 2.500000000000000000e+01
6.214248144626617787e+00 -7.066018378916162135e+00 4.612933173895639727e-01 1.006624545007126642e-01 2.100000000000000000e+01
6.847026097774505438e+00 -6.819459398066460842e+00 4.412265033013648696e-01 7.799856313090591797e-02 3.200000000000000000e+01
7.479804050922393976e+00 -6.504346761289760970e+00 8.403824068204117648e-01 9.703900175999805033e-02 7.500000000000000000e+01
8.112582004070283404e+00 -5.782986708916530105e+00 3.130462154029954869e-01 3.614746334634259817e-02 7.500000000000000000e+01
8.745359957218170166e+00 -5.019499160271632121e+00 3.136478177569049230e-01 4.575023627044411817e-02 4.700000000000000000e+01
9.378137910366058705e+00 -4.852072439628028810e+00 1.413419644652215368e+00 2.826839289304430847e-01 2.500000000000000000e+01
1.001091586351394724e+01 -7.929318855967086854e+00 1.561731658972179027e+00 4.938629136345423221e-01 1.000000000000000000e+01
