3.244916272163391291e+00 -9.836421839837115044e+00 2.617897479749959344e-01 9.255665301911843168e-02 8.000000000000000000e+00
4.091311430931090953e+00 -8.732738537191233164e+00 2.199226647939731549e-01 4.313038304868439116e-02 2.600000000000000000e+01
4.937706589698791504e+00 -7.992455137223545059e+00 2.922155516338910686e-01 2.736849395838202720e-02 1.140000000000000000e+02
5.784101748466492054e+00 -6.924947165354141454e+00 3.144235091720716246e-01 1.547176942696477063e-02 4.130000000000000000e+02
6.630496907234191717e+00 -6.053017799656360332e+00 2.822256905467973587e-01 8.493995129799127020e-03 1.104000000000000000e+03
7.476892066001892267e+00 -5.225905808528984231e+00 4.913327574254003349e-01 9.600812110060240670e-03 2.619000000000000000e+03
8.323287224769593706e+00 -2.809466158023792737e+00 7.464166337815395513e-01 6.502143611333215112e-03 1.317800000000000000e+04
9.169682383537292480e+00 -2.474508250224363604e+00 3.895067569486418413e-01 4.773567857631867695e-03 6.658000000000000000e+03
1.001607754230499303e+01 -2.230265714076018480e+00 1.592725651443395729e-01 3.384185102364973326e-03 2.215000000000000000e+03
1.086247270107269358e+01 -2.037262416197657799e+00 3.170918577080799050e-01 1.772597372367393231e-02 3.200000000000000000e+02
