2.825288474559783936e+00 -8.518911388442834465e+00 4.297084095902559131e-01 2.148542047951279566e-01 4.000000000000000000e+00
3.481297075748443604e+00 -7.746630079479971620e+00 5.183331476962735884e-01 6.865490258630886633e-02 5.700000000000000000e+01
4.137305676937103271e+00 -6.754441358000351947e+00 4.409490166326870408e-01 2.907531713306679352e-02 2.300000000000000000e+02
4.793314278125762939e+00 -5.693026409557021772e+00 3.717550542105522160e-01 1.617856210666407737e-02 5.280000000000000000e+02
5.449322879314422607e+00 -4.795327736674548369e+00 3.340445483160524032e-01 7.189158641523039732e-03 2.159000000000000000e+03
6.105331480503082275e+00 -4.628185992316358188e+00 5.045626449703640715e-01 8.366492846881075363e-03 3.637000000000000000e+03
6.761340081691741943e+00 -4.037291689785138971e+00 4.846000481752694156e-01 1.753221442915545505e-02 7.640000000000000000e+02
7.417348682880401611e+00 -3.235177080179163056e+00 4.354110368091422822e-01 2.942235125396118825e-02 2.190000000000000000e+02
8.073357284069061279e+00 -2.447138625511909193e+00 3.190282233350931751e-01 5.392561206602668189e-02 3.500000000000000000e+01
8.729365885257720947e+00 -1.653123848046315736e+00 2.788892518970396694e-01 9.296308396567988519e-02 9.000000000000000000e+00
