3.469195699691772550e+00 -9.059689793389816614e+00 5.461658331891480200e-01 3.153289908139308428e-01 3.000000000000000000e+00
4.057424592971802468e+00 -8.250615841092329816e+00 5.252215170327289018e-01 1.456702392798836232e-01 1.300000000000000000e+01
4.645653486251831055e+00 -8.295245523989594361e+00 9.640309268595678160e-01 1.324198317774076261e-01 5.300000000000000000e+01
5.233882379531859641e+00 -7.698593870769252945e+00 1.008250266633643699e+00 3.875020560610271253e-02 6.770000000000000000e+02
5.822111272811890004e+00 -6.092411884688866408e+00 9.008086476667053200e-01 1.487568905358531250e-02 3.667000000000000000e+03
6.410340166091918590e+00 -4.891883507198908632e+00 6.241523404146630538e-01 1.550718957203084218e-02 1.620000000000000000e+03
6.998569059371947176e+00 -4.246741095706854985e+00 6.132312002599256129e-01 2.967633776856851494e-02 4.270000000000000000e+02
7.586797952651977539e+00 -3.757640215265373396e+00 5.726053441054357318e-01 4.983889804479000457e-02 1.320000000000000000e+02
8.175026845932006125e+00 -3.171429843757827882e+00 3.518986832127700137e-01 6.901300971190461875e-02 2.600000000000000000e+01
8.763255739212036488e+00 -2.502296311523255934e+00 3.935266570382718876e-01 1.391326838847174174e-01 8.000000000000000000e+00
