2.712208902835846036e+00 -1.144157036040360964e+01 8.844446536112431367e-01 3.610730178466935447e-01 6.000000000000000000e+00
3.421859729290008367e+00 -1.014659095405692035e+01 9.001246317869858737e-01 1.285892331124265653e-01 4.900000000000000000e+01
4.131510555744171143e+00 -8.438177858591775049e+00 7.430837779839303270e-01 5.478086290646098228e-02 1.840000000000000000e+02
4.841161382198333030e+00 -6.348768956976097222e+00 6.545447572973879247e-01 2.302680420752634821e-02 8.080000000000000000e+02
5.550812208652496693e+00 -4.870622098251527810e+00 7.345964602404084776e-01 1.400057026753215306e-02 2.753000000000000000e+03
6.260463035106658580e+00 -3.105439834557479184e+00 9.218587581246180385e-01 1.968095074459206076e-02 2.194000000000000000e+03
6.970113861560820467e+00 -1.845604333852728596e+00 7.633298199873390644e-01 2.659185431892283416e-02 8.240000000000000000e+02
7.679764688014984131e+00 -8.771192570634972485e-01 7.364668178214811567e-01 4.585042135655927054e-02 2.580000000000000000e+02
8.389415514469146018e+00 1.357396665803233815e-01 5.437991626151070790e-01 6.744998480479862113e-02 6.500000000000000000e+01
9.099066340923309681e+00 1.372922121117745364e+00 3.367934699824657874e-01 1.015470519794239301e-01 1.100000000000000000e+01
