5.219573450088501154e+00 -9.813009438788544259e+00 9.210331186793592473e-02 6.512687639155691210e-02 2.000000000000000000e+00
5.682270383834838512e+00 -8.154516584257558875e+00 2.515434439834899824e-02 1.778680750037442068e-02 2.000000000000000000e+00
6.144967317581176758e+00 -6.596172818926017811e+00 3.670137581265213722e-01 1.223379193755071287e-01 9.000000000000000000e+00
6.607664251327515004e+00 -5.202463344892076513e+00 3.241024355881448882e-01 6.758002945113285309e-02 2.300000000000000000e+01
7.070361185073852361e+00 -4.285786424394489202e+00 2.783701053503294665e-01 4.196587237721577379e-02 4.400000000000000000e+01
7.533058118820190607e+00 -3.390211324959242489e+00 2.994246548443824651e-01 3.266990823239068059e-02 8.400000000000000000e+01
7.995755052566528853e+00 -2.580112879631080158e+00 2.832418862933275827e-01 3.927858247652821211e-02 5.200000000000000000e+01
8.458451986312866211e+00 -1.737619919886610909e+00 2.419510364834491223e-01 3.421704372251212906e-02 5.000000000000000000e+01
8.921148920059204457e+00 -6.299633124988833766e-01 9.372501543287563575e-01 1.607370753919797612e-01 3.400000000000000000e+01
9.383845853805542703e+00 1.256178753858915753e+00 7.279460730427732562e-01 2.101399306133880651e-01 1.200000000000000000e+01
