5.100941753387450817e+00 -8.833620696253639437e+00 3.932817137073814084e-01 1.966408568536907042e-01 4.000000000000000000e+00
5.594348239898682351e+00 -7.833144776976709522e+00 2.847566436287434222e-01 8.220216242629467540e-02 1.200000000000000000e+01
6.087754726409912109e+00 -6.983317341106057619e+00 2.495894664484519243e-01 5.446488679350818679e-02 2.100000000000000000e+01
6.581161212921141868e+00 -6.442238260618549539e+00 2.064434951185397382e-01 2.665174061756521787e-02 6.000000000000000000e+01
7.074567699432373402e+00 -5.906868068540030769e+00 1.763711111171565593e-01 1.590284753268956380e-02 1.230000000000000000e+02
7.567974185943603160e+00 -5.579162702428437370e+00 1.249170857482566482e-01 9.580703127775766839e-03 1.700000000000000000e+02
8.061380672454834695e+00 -5.337205465203883392e+00 7.482107580010986803e-02 6.346240820039916568e-03 1.390000000000000000e+02
8.554787158966064453e+00 -4.918599176053892741e+00 6.550373087429784968e-01 5.637663528680181974e-02 1.350000000000000000e+02
9.048193645477294211e+00 -3.325583031861150562e+00 9.990660136362797816e-01 1.153622063822224847e-01 7.500000000000000000e+01
9.541600131988525746e+00 -2.678995629836598447e+00 6.141913271313230727e-01 1.535478317828307682e-01 1.600000000000000000e+01
