2.393125694990158259e+00 -1.485165113292744365e+01 8.468192619584268277e-01 5.987916425701909073e-01 2.000000000000000000e+00
3.278305298089980724e+00 -1.280156368131354760e+01 3.577318019518380132e-01 1.599825253755603471e-01 5.000000000000000000e+00
4.163484901189804077e+00 -1.101218930275859265e+01 4.477564041232705572e-01 9.770845784743451001e-02 2.100000000000000000e+01
5.048664504289627430e+00 -9.144266358731224287e+00 7.238966861015652121e-01 6.840180736887602198e-02 1.120000000000000000e+02
5.933844107389449896e+00 -6.750201113808803832e+00 5.883751141617987734e-01 2.658007827589823138e-02 4.900000000000000000e+02
6.819023710489273249e+00 -4.839586439938662110e+00 5.567008751025026569e-01 1.346638022398655501e-02 1.709000000000000000e+03
7.704203313589096602e+00 -3.045134858729547922e+00 5.694184048643298190e-01 9.894328753633324994e-03 3.312000000000000000e+03
8.589382916688919067e+00 -7.670744765203433777e-03 1.066000049706259833e+00 1.133337375560655030e-02 8.847000000000000000e+03
9.474562519788742421e+00 1.328261239507455782e+00 4.677044291673270737e-01 8.759370050630221199e-03 2.851000000000000000e+03
1.035974212288856577e+01 2.375950026461846054e+00 2.562356502147450366e-01 1.460038120399124832e-02 3.080000000000000000e+02
