2.393126124143600375e+00 -9.196558453759905660e+00 3.959755702858221427e-01 2.799970109333151935e-01 2.000000000000000000e+00
3.278306585550308405e+00 -8.080338605753865977e+00 1.843000667717983321e-01 8.242149551189825729e-02 5.000000000000000000e+00
4.163487046957015991e+00 -7.232834048108473191e+00 2.413156795193875381e-01 5.265939846558562870e-02 2.100000000000000000e+01
5.048667508363724465e+00 -6.157550358866095586e+00 4.612412569642212468e-01 4.358320215464885766e-02 1.120000000000000000e+02
5.933847969770431163e+00 -4.720451789580619284e+00 3.260017280849294985e-01 1.472725688427512988e-02 4.900000000000000000e+02
6.819028431177139637e+00 -3.670271631605328544e+00 2.915796931501123401e-01 7.053200720817564412e-03 1.709000000000000000e+03
7.704208892583848112e+00 -2.681047165466120319e+00 2.887775013170061356e-01 5.017855956665139353e-03 3.312000000000000000e+03
8.589389353990554810e+00 -2.095716853769953314e+00 3.076033538781325349e-01 3.270710820709313033e-03 8.845000000000000000e+03
9.474569815397263284e+00 -1.462457461861318420e+00 3.696999052250786177e-01 6.920259096143349144e-03 2.854000000000000000e+03
1.035975027680396998e+01 -5.089038803180307990e-01 3.495307851686348388e-01 1.991636488410374745e-02 3.080000000000000000e+02
