3.728346455097198309e+00 -8.583709760630016561e+00 8.905010339304190170e-01 2.469805491299864320e-01 1.300000000000000000e+01
4.382250154018402455e+00 -7.674961012615922229e+00 1.036490148201105299e+00 8.462906621714745559e-02 1.500000000000000000e+02
5.036153852939605713e+00 -6.396461839504559599e+00 1.041687399572222450e+00 3.535717420515478021e-02 8.680000000000000000e+02
5.690057551860808971e+00 -5.231702221093283534e+00 5.944016615853801033e-01 1.459781151070141218e-02 1.658000000000000000e+03
6.343961250782013117e+00 -4.591118663208715311e+00 3.726488390973707876e-01 9.634606369409251872e-03 1.496000000000000000e+03
6.997864949703216375e+00 -4.100040832986376671e+00 5.392892661474600891e-01 1.957496022883055062e-02 7.590000000000000000e+02
7.651768648624420521e+00 -3.449725124410496946e+00 5.632583543008936600e-01 3.230508217766609597e-02 3.040000000000000000e+02
8.305672347545623779e+00 -2.721675828917448303e+00 4.003776203586834059e-01 4.086336976285551842e-02 9.600000000000000000e+01
8.959576046466827037e+00 -2.012734764843640889e+00 1.309375442444873638e-01 2.618750884889747138e-02 2.500000000000000000e+01
9.613479745388030295e+00 -1.244139442397974582e+00 1.424088962299104311e-01 5.034914811273050878e-02 8.000000000000000000e+00
