2.763328838348388494e+00 -7.613478383455379195e+00 5.323411591602872361e-01 3.764220435469462500e-01 2.000000000000000000e+00
3.600098514556885121e+00 -6.304053732170970648e+00 1.814173166939556658e-01 1.282814148589634939e-01 2.000000000000000000e+00
4.436868190765380859e+00 -5.485573202971394835e+00 8.371317501342161460e-01 1.376236119632265331e-01 3.700000000000000000e+01
5.273637866973876598e+00 -3.912461084498870534e+00 9.234086639127901952e-01 9.280606261703386317e-02 9.900000000000000000e+01
6.110407543182373225e+00 -3.446099810152592369e+00 6.123076749341977987e-01 5.138371863467677131e-02 1.420000000000000000e+02
6.947177219390868963e+00 -2.963457313344790567e+00 3.468416085315187969e-01 2.307156060799077715e-02 2.260000000000000000e+02
7.783946895599364701e+00 -2.686233805268529284e+00 4.033487021117045934e-01 3.093543328167048384e-02 1.700000000000000000e+02
8.620716571807861328e+00 -2.447638823537694464e+00 1.899107241066590734e-01 2.047860004149413063e-02 8.600000000000000000e+01
9.457486248016357067e+00 -2.261436375563067980e+00 1.239418842869832310e-01 2.065698071449720633e-02 3.600000000000000000e+01
1.029425592422485281e+01 -2.028343963799064564e+00 1.338489461421666360e-01 3.346223653554165900e-02 1.600000000000000000e+01
