2.712208902835846036e+00 -8.534677743294318830e+00 7.347177975198165845e-01 2.999472848108398204e-01 6.000000000000000000e+00
3.421859729290008367e+00 -7.911464674494258276e+00 5.882826926675440715e-01 8.404038466679200625e-02 4.900000000000000000e+01
4.131510555744171143e+00 -6.915389946065002569e+00 4.736140273664683487e-01 3.491528932865553547e-02 1.840000000000000000e+02
4.841161382198333030e+00 -5.817120322080599593e+00 3.924311591507337327e-01 1.380568000270593343e-02 8.080000000000000000e+02
5.550812208652496693e+00 -4.895395943025035557e+00 7.924994725654850303e-01 1.510962502691119529e-02 2.751000000000000000e+03
6.260463035106658580e+00 -3.658494240579327705e+00 8.824141854630245252e-01 1.886034359166833749e-02 2.189000000000000000e+03
6.970113861560820467e+00 -3.131707130616531831e+00 6.501101349179521094e-01 2.267519485488181732e-02 8.220000000000000000e+02
7.679764688014984131e+00 -2.929905303407433159e+00 6.437800355198147750e-01 4.015789527664729436e-02 2.570000000000000000e+02
8.389415514469146018e+00 -2.660440093042115706e+00 3.669552728485275805e-01 4.551519987387769167e-02 6.500000000000000000e+01
9.099066340923309681e+00 -2.484377249477951022e+00 1.657486059048271232e-01 4.997508502825427634e-02 1.100000000000000000e+01
