3.909986412525177091e+00 -9.914872039048912455e+00 1.838627631116594718e-01 1.300106066039501962e-01 2.000000000000000000e+00
4.434204328060150857e+00 -9.007967821024045918e+00 1.059499576320101610e+00 3.531665254400338516e-01 9.000000000000000000e+00
4.958422243595123291e+00 -8.944492832557935813e+00 1.095866392556437363e+00 1.106992224930137131e-01 9.800000000000000000e+01
5.482640159130095725e+00 -8.006358122323915083e+00 1.130115879043115834e+00 3.783907837264604418e-02 8.920000000000000000e+02
6.006858074665069935e+00 -6.380491213265669259e+00 1.035676717306585948e+00 2.012256013755700859e-02 2.649000000000000000e+03
6.531075990200042369e+00 -5.047515695789117629e+00 7.320847669626767695e-01 2.611259886266276489e-02 7.860000000000000000e+02
7.055293905735014803e+00 -4.332081107492705030e+00 5.069771564821587972e-01 3.498474750616571705e-02 2.100000000000000000e+02
7.579511821269989014e+00 -3.949526219540079097e+00 4.361982765549674013e-01 5.329010107589832179e-02 6.700000000000000000e+01
8.103729736804961448e+00 -3.481675556787500181e+00 2.954168727779863945e-01 9.847229092599546485e-02 9.000000000000000000e+00
8.627947652339935658e+00 -2.737162066381706005e+00 1.751529968827456318e-01 8.757649844137281592e-02 4.000000000000000000e+00
