7.686664223670959473e+00 -5.899397054208058933e+00 6.026960357626680587e-01 3.479667184870967600e-01 3.000000000000000000e+00
7.889667391777038574e+00 -5.809894097795957890e+00 2.998460819806079702e-01 1.499230409903039851e-01 4.000000000000000000e+00
8.092670559883117676e+00 -5.011507497561339619e+00 4.328080348066731253e-01 1.304965325186195346e-01 1.100000000000000000e+01
8.295673727989196777e+00 -5.022039822784959640e+00 2.751154207101565996e-01 6.672529051907154229e-02 1.700000000000000000e+01
8.498676896095275879e+00 -4.956237941327548135e+00 8.041497345738434221e-01 1.895399101355089988e-01 1.800000000000000000e+01
8.701680064201354980e+00 -4.620649925337169783e+00 7.899748255495803173e-01 1.579949651099160635e-01 2.500000000000000000e+01
8.904683232307434082e+00 -4.039359472060678691e+00 6.587102427042512698e-01 1.597607004321101587e-01 1.700000000000000000e+01
9.107686400413513184e+00 -3.060900731573040545e+00 4.974280160288553909e-01 1.379617090495662557e-01 1.300000000000000000e+01
9.310689568519592285e+00 -2.663372934245368917e+00 2.910211843711127955e-01 1.455105921855563977e-01 4.000000000000000000e+00
9.513692736625671387e+00 -2.257692690791194945e+00 3.012743677420531840e-01 1.739408373158087273e-01 3.000000000000000000e+00
