2.798879516124725519e+00 -1.047718508303626095e+01 0.000000000000000000e+00 0.000000000000000000e+00 1.000000000000000000e+00
3.696116602420806529e+00 -9.127165032097098063e+00 4.457617456211996343e-01 1.684821032713899047e-01 7.000000000000000000e+00
4.593353688716888428e+00 -8.071169221399502547e+00 2.907203392716128931e-01 5.221491434020450462e-02 3.100000000000000000e+01
5.490590775012970326e+00 -7.109569825570328128e+00 3.521523396388541172e-01 3.436654939425543703e-02 1.050000000000000000e+02
6.387827861309051336e+00 -6.105208546241454926e+00 3.576130411449587876e-01 1.996001354710098472e-02 3.210000000000000000e+02
7.285064947605133234e+00 -3.858568439442475739e+00 1.077996629631918335e+00 2.438681722570802679e-02 1.954000000000000000e+03
8.182302033901216021e+00 -2.542937717927410635e+00 2.605718895442371008e-01 2.777863513286632589e-03 8.799000000000000000e+03
9.079539120197296143e+00 -2.289922371413792845e+00 1.199633171293372630e-01 1.571407039955600386e-03 5.828000000000000000e+03
9.976776206493376264e+00 -2.060842376544618215e+00 1.031834614182770699e-01 2.103595733124451542e-03 2.406000000000000000e+03
1.087401329278945994e+01 -1.876902953135636487e+00 6.779198915173798023e-02 4.499512353974090273e-03 2.270000000000000000e+02
