3.186178040504455744e+00 -8.634648628943731197e+00 4.705557722496723771e-01 1.257613200805073606e-01 1.400000000000000000e+01
3.830446696281432750e+00 -7.711920667051765044e+00 6.076999036781438601e-01 5.716759811047318618e-02 1.130000000000000000e+02
4.474715352058410645e+00 -6.619403957405279648e+00 3.910502008061546575e-01 2.213885807852206816e-02 3.120000000000000000e+02
5.118984007835388539e+00 -5.672545489459125179e+00 3.210191071760821746e-01 9.213434212795813469e-03 1.214000000000000000e+03
5.763252663612365545e+00 -4.745569956693722169e+00 8.421984884822734108e-01 1.357149522831704001e-02 3.851000000000000000e+03
6.407521319389343439e+00 -3.661024107245105519e+00 9.324233144403005769e-01 2.158526100524232536e-02 1.866000000000000000e+03
7.051789975166320446e+00 -3.159869853365621317e+00 7.662071749897584327e-01 3.328191290214569525e-02 5.300000000000000000e+02
7.696058630943298340e+00 -2.979720949352963721e+00 7.295341169188880315e-01 5.714152206994553562e-02 1.630000000000000000e+02
8.340327286720276234e+00 -2.866148885147053793e+00 7.247890033468257220e-01 1.191545781602773718e-01 3.700000000000000000e+01
8.984595942497254129e+00 -2.435091241192697709e+00 1.028325415728219422e-01 3.427751385760731406e-02 9.000000000000000000e+00
