6.831020045280456365e+00 -8.960304745174683561e+00 6.360076458312715619e-01 1.142303453208636244e-01 3.100000000000000000e+01
7.142313027381897328e+00 -8.016247365478699649e+00 4.991762238408815611e-01 5.546402487120906388e-02 8.100000000000000000e+01
7.453606009483337402e+00 -7.325190646851484466e+00 4.260858387661573543e-01 4.044227807418084020e-02 1.110000000000000000e+02
7.764898991584777477e+00 -6.193129365419538956e+00 6.763679468511855086e-01 6.569466245281659067e-02 1.060000000000000000e+02
8.076191973686217551e+00 -4.957173696739754831e+00 6.807978091715684021e-01 7.518154101522844801e-02 8.200000000000000000e+01
8.387484955787659402e+00 -4.096022976188071318e+00 4.280212590302728271e-01 4.726704082719021538e-02 8.200000000000000000e+01
8.698777937889097700e+00 -3.599649195485648878e+00 2.128849234542908586e-01 2.231640372238393594e-02 9.100000000000000000e+01
9.010070919990539551e+00 -3.195678353952501549e+00 1.644048155683675849e-01 2.398090702509286104e-02 4.700000000000000000e+01
9.321363902091981402e+00 -2.960586535482562898e+00 1.076579655188883294e-01 2.071878512424587399e-02 2.700000000000000000e+01
9.632656884193419700e+00 -2.619822979180194800e+00 7.735118648418647103e-02 3.867559324209323551e-02 4.000000000000000000e+00
