5.193830180168151678e+00 -6.155685365427489231e+00 4.158169251540461131e-01 6.130886084702701078e-02 4.600000000000000000e+01
5.757780098915100453e+00 -5.130694718671353627e+00 2.610885040675934854e-01 2.138920366127379513e-02 1.490000000000000000e+02
6.321730017662048340e+00 -4.293337497316836782e+00 2.184808506445677645e-01 1.154707175852714637e-02 3.580000000000000000e+02
6.885679936408996227e+00 -3.589794504059757863e+00 1.908951975713899518e-01 6.196720337894034113e-03 9.490000000000000000e+02
7.449629855155945002e+00 -2.971880771779363606e+00 1.971219542915588763e-01 5.533554416367428806e-03 1.269000000000000000e+03
8.013579773902893777e+00 -2.301860311031848738e+00 1.769383866323698817e-01 4.180943224272839348e-03 1.791000000000000000e+03
8.577529692649839888e+00 -1.870068293424746120e+00 2.554380470956324478e-01 4.403449812794291325e-03 3.365000000000000000e+03
9.141479611396789551e+00 -1.498506828784548883e+00 3.589836117035057894e-01 8.144008576438268102e-03 1.943000000000000000e+03
9.705429530143737438e+00 -9.012581526851225489e-01 2.889444532334176641e-01 1.347210459772652316e-02 4.600000000000000000e+02
1.026937944889068532e+01 -1.905928423429473217e-01 3.168695403043729764e-01 3.871177567242310713e-02 6.700000000000000000e+01
