2.129298299551010132e+00 -1.337032796121402356e+01 3.320620857490392375e+00 2.348033526080944622e+00 2.000000000000000000e+00
2.951522856950759888e+00 -1.619959251189400362e+01 2.523477847484503767e-01 1.456930614539235780e-01 3.000000000000000000e+00
3.773747414350509644e+00 -1.032684860074795985e+01 2.915496750404242388e+00 4.298665440428473539e-01 4.600000000000000000e+01
4.595971971750259399e+00 -8.110927275244177892e+00 1.719665167310147291e+00 7.737139371959787792e-02 4.940000000000000000e+02
5.418196529150009155e+00 -7.147987268903234437e+00 5.651225936846783204e-01 1.349744954659655612e-02 1.753000000000000000e+03
6.240421086549758911e+00 -6.634206939640463929e+00 6.526974387572287428e-01 1.460937510511819623e-02 1.996000000000000000e+03
7.062645643949508667e+00 -5.818240634699279212e+00 6.361671256537252406e-01 2.139661589310472636e-02 8.840000000000000000e+02
7.884870201349258423e+00 -4.938662269862760468e+00 5.427690743992237277e-01 3.309321453176339300e-02 2.690000000000000000e+02
8.707094758749008179e+00 -3.981060400885818584e+00 4.263521625540397375e-01 5.856397348916603240e-02 5.300000000000000000e+01
9.529319316148757935e+00 -2.962210231105221414e+00 2.586963098267475170e-01 7.799987221316836972e-02 1.100000000000000000e+01
