4.314396321773529053e+00 -6.479095209122606391e+00 8.117347795676534139e-02 4.058673897838267070e-02 4.000000000000000000e+00
4.944138348102569580e+00 -6.340405248428079510e+00 5.099228427509743256e-01 1.414271504668460633e-01 1.300000000000000000e+01
5.573880374431610107e+00 -6.136023872541178648e+00 5.255001958338981760e-01 1.120370181968006612e-01 2.200000000000000000e+01
6.203622400760650635e+00 -5.595159054144560606e+00 5.237755169715848647e-01 1.069152296952377984e-01 2.400000000000000000e+01
6.833364427089691162e+00 -5.312183118739410403e+00 4.386856981590472881e-01 8.442510197392162630e-02 2.700000000000000000e+01
7.463106453418731689e+00 -4.846899114047601209e+00 3.482542665681412908e-01 4.104215891124671917e-02 7.200000000000000000e+01
8.092848479747772217e+00 -4.286789991834941027e+00 2.997845690752399261e-01 3.438764845873314158e-02 7.600000000000000000e+01
8.722590506076812744e+00 -3.559655792116292350e+00 3.107818124873314991e-01 4.395118541584763089e-02 5.000000000000000000e+01
9.352332532405853271e+00 -2.813064617829578840e+00 2.337715663806960442e-01 4.874474118707539799e-02 2.300000000000000000e+01
9.982074558734893799e+00 -2.302327737044094658e+00 3.892964958069507486e-01 2.247604366487210570e-01 3.000000000000000000e+00
