3.302293384075164706e+00 -8.329758464992798039e+00 7.574233993297476708e-01 1.785264072984769912e-01 1.800000000000000000e+01
3.871729147434234353e+00 -7.472174061464004424e+00 4.383193366380828682e-01 3.627556640899610302e-02 1.460000000000000000e+02
4.441164910793304443e+00 -6.391302793858405273e+00 3.279053873827806886e-01 1.980948890399280779e-02 2.740000000000000000e+02
5.010600674152374978e+00 -5.453388666678430141e+00 3.061894105594136217e-01 1.322536820148226613e-02 5.360000000000000000e+02
5.580036437511443737e+00 -4.586635243065155798e+00 2.814169724853228804e-01 8.117046851309915947e-03 1.202000000000000000e+03
6.149472200870514271e+00 -4.250823669033935381e+00 4.055621219893408291e-01 9.091401724864146827e-03 1.990000000000000000e+03
6.718907964229584806e+00 -3.793228050447778887e+00 4.572399527405269226e-01 2.333342862976220747e-02 3.840000000000000000e+02
7.288343727588653564e+00 -3.073786614150119334e+00 2.856857728724612189e-01 2.856857728724612050e-02 1.000000000000000000e+02
7.857779490947723211e+00 -2.413115378920475784e+00 2.085961657112439249e-01 6.021652621265523309e-02 1.200000000000000000e+01
8.427215254306792858e+00 -1.778893235688431940e+00 3.801510769012553248e-01 1.900755384506276624e-01 4.000000000000000000e+00
