3.469195699691772550e+00 -8.766704324604027931e+00 1.813776499181423141e-01 1.047184350052211693e-01 3.000000000000000000e+00
4.057424592971802468e+00 -1.131953819764922287e+01 2.587907199816089854e+00 4.438224232485712961e-01 3.400000000000000000e+01
4.645653486251831055e+00 -1.112566569034751041e+01 2.117436191136598644e+00 1.333859423522683052e-01 2.520000000000000000e+02
5.233882379531859641e+00 -8.361727300388018591e+00 1.805920415918826238e+00 5.487624411925132867e-02 1.083000000000000000e+03
5.822111272811890004e+00 -6.501776877018692780e+00 5.234668673491633673e-01 8.579118769690148583e-03 3.723000000000000000e+03
6.410340166091918590e+00 -6.269994327376186227e+00 6.461402075852427096e-01 1.604358213293295699e-02 1.622000000000000000e+03
6.998569059371947176e+00 -5.652916124970238876e+00 5.925184580502177445e-01 2.864046069151088975e-02 4.280000000000000000e+02
7.586797952651977539e+00 -4.928964019988953282e+00 4.080502826514260106e-01 3.551621835801009597e-02 1.320000000000000000e+02
8.175026845932006125e+00 -4.298193375745819722e+00 3.433370376998794993e-01 6.733393288349336092e-02 2.600000000000000000e+01
8.763255739212036488e+00 -3.574334464122085997e+00 1.888582150218932609e-01 6.677146226238390991e-02 8.000000000000000000e+00
