1.676991665363311679e+00 -9.846604975209167776e+00 8.897966344732612942e-01 4.448983172366306471e-01 4.000000000000000000e+00
2.546827447414398371e+00 -9.093503151361693071e+00 3.636344872362182179e-01 9.090862180905455447e-02 1.600000000000000000e+01
3.416663229465484619e+00 -7.835943067907822801e+00 5.119612613255392075e-01 8.912101631167232418e-02 3.300000000000000000e+01
4.286499011516571755e+00 -6.312462527822271241e+00 4.774788714711199478e-01 3.056745246852122719e-02 2.440000000000000000e+02
5.156334793567657115e+00 -5.243425578077951954e+00 6.728369190632127461e-01 1.787412901687350508e-02 1.417000000000000000e+03
6.026170575618744252e+00 -3.792253193777723741e+00 9.048888630789184706e-01 1.905557113715847586e-02 2.255000000000000000e+03
6.896006357669831388e+00 -3.097512116431913487e+00 5.801987890011354176e-01 1.713896173599117542e-02 1.146000000000000000e+03
7.765842139720916748e+00 -2.778062318833411481e+00 4.051273637171374231e-01 2.165496847194971902e-02 3.500000000000000000e+02
8.635677921772003884e+00 -2.573741239721511143e+00 2.085869436113015341e-01 2.493090825378475178e-02 7.000000000000000000e+01
9.505513703823089244e+00 -2.441445761764289291e+00 1.181998646698864119e-01 3.412136184266813255e-02 1.200000000000000000e+01
