2.722357583045959650e+00 -8.298905410430455376e+00 3.593783479757692856e-01 1.796891739878846428e-01 4.000000000000000000e+00
3.546880221366881969e+00 -7.081935004195806904e+00 3.288129831184037344e-01 7.750196336840035893e-02 1.800000000000000000e+01
4.371402859687805176e+00 -6.364003726549614548e+00 4.621543114780102823e-01 5.446540793345016479e-02 7.200000000000000000e+01
5.195925498008728383e+00 -5.878968143339226238e+00 4.813402448944836820e-01 2.892093238126561966e-02 2.770000000000000000e+02
6.020448136329650701e+00 -5.355845117178384740e+00 5.661207789097448817e-01 2.778977606543766091e-02 4.150000000000000000e+02
6.844970774650573908e+00 -4.666021592009871988e+00 5.415381810734400947e-01 2.388622519378949538e-02 5.140000000000000000e+02
7.669493412971497115e+00 -3.975508881240956249e+00 5.483383852607327524e-01 3.165833143372887709e-02 3.000000000000000000e+02
8.494016051292419434e+00 -3.033996519215617305e+00 4.445754191535131739e-01 4.041594719577392553e-02 1.210000000000000000e+02
9.318538689613342640e+00 -2.126212144961880046e+00 3.496493971342752860e-01 5.748200680080355757e-02 3.700000000000000000e+01
1.014306132793426585e+01 -1.166221127349933884e+00 2.294973694192728730e-01 6.365111792502228805e-02 1.300000000000000000e+01
