3.610919225215911688e+00 -1.213105372449507513e+01 6.303376763139271199e-01 2.818955786034400002e-01 5.000000000000000000e+00
4.385543072223663685e+00 -1.035605990876534044e+01 3.925670242210894112e-01 6.542783737018156853e-02 3.600000000000000000e+01
5.160166919231414795e+00 -8.778811678790965800e+00 5.892073906945151096e-01 4.843254917150514177e-02 1.480000000000000000e+02
5.934790766239165904e+00 -6.908741739047806973e+00 5.565917231841402968e-01 2.617987245844536140e-02 4.520000000000000000e+02
6.709414613246917902e+00 -5.129063517027077523e+00 5.184714259549556559e-01 1.391149178537568962e-02 1.389000000000000000e+03
7.484038460254669012e+00 -3.538488178147195740e+00 4.916866991009416488e-01 1.000322402649085271e-02 2.416000000000000000e+03
8.258662307262419233e+00 -6.269982588117538613e-01 1.192177696242983087e+00 1.240640794650365100e-02 9.234000000000000000e+03
9.033286154270172119e+00 6.492923226340127085e-01 5.840215025608492816e-01 6.882281494037877957e-03 7.201000000000000000e+03
9.807910001277923229e+00 1.677311867370594456e+00 3.327368930696433247e-01 7.765414076446318023e-03 1.836000000000000000e+03
1.058253384828567434e+01 2.561971366618933654e+00 2.161141558291041209e-01 1.223505476994204977e-02 3.120000000000000000e+02
