5.193830180168151678e+00 4.212878727833116455e-01 4.155129992532286543e-01 6.126404941768434642e-02 4.600000000000000000e+01
5.757780098915100453e+00 1.444005523077311004e+00 2.597942312720498692e-01 2.128317270247691989e-02 1.490000000000000000e+02
6.321730017662048340e+00 2.272091783870326509e+00 2.140567341283363678e-01 1.131324993510282768e-02 3.580000000000000000e+02
6.885679936408996227e+00 2.941677985251529570e+00 1.755264565164202928e-01 5.697829891854700075e-03 9.490000000000000000e+02
7.449629855155945002e+00 3.470025004804503155e+00 1.664113339956820592e-01 4.671454153723525460e-03 1.269000000000000000e+03
8.013579773902893777e+00 4.062909324329741168e+00 4.155973699326189763e-01 9.820305479871001969e-03 1.791000000000000000e+03
8.577529692649839888e+00 5.862494572453115005e+00 1.014432839011589982e+00 1.758985167076440245e-02 3.326000000000000000e+03
9.141479611396789551e+00 6.606915739200335480e+00 9.114494515780788841e-01 2.083891498678471302e-02 1.913000000000000000e+03
9.705429530143737438e+00 7.347098825258563615e+00 4.268571471743115575e-01 1.990231710858943875e-02 4.600000000000000000e+02
1.026937944889068532e+01 7.815865643289084730e+00 6.279365333695767770e-01 7.671465737278571062e-02 6.700000000000000000e+01
