5.100941753387450817e+00 -1.875948001812514920e-01 3.918397873549104293e-01 1.959198936774552147e-01 4.000000000000000000e+00
5.594348239898682351e+00 9.168127050433497738e-01 2.571223527296231937e-01 7.422482978155893474e-02 1.200000000000000000e+01
6.087754726409912109e+00 1.764914274232947555e+00 2.087830128060785273e-01 4.556018857165664016e-02 2.100000000000000000e+01
6.581161212921141868e+00 2.410582294750510002e+00 1.622937772108538901e-01 2.095203654435779522e-02 6.000000000000000000e+01
7.074567699432373402e+00 2.997508178524822764e+00 1.537674035975271081e-01 1.386473986255418699e-02 1.230000000000000000e+02
7.567974185943603160e+00 3.405345026597010882e+00 1.289780266923059027e-01 9.892163080362023284e-03 1.700000000000000000e+02
8.061380672454834695e+00 3.792826319457500706e+00 1.973367221419448925e-01 1.673788231401300564e-02 1.390000000000000000e+02
8.554787158966064453e+00 4.384783782252313244e+00 6.572296184442248945e-01 5.656531926374973318e-02 1.350000000000000000e+02
9.048193645477294211e+00 5.965292746337091501e+00 1.112454444416781874e+00 1.284551745890449015e-01 7.500000000000000000e+01
9.541600131988525746e+00 6.855253735493144873e+00 8.583022012663504841e-01 2.145755503165876210e-01 1.600000000000000000e+01
