2.762511301040649236e+00 -9.814724547092532614e-01 2.925290702472664872e-01 2.068492892660380444e-01 2.000000000000000000e+00
3.597645902633667347e+00 5.969576342369462552e-01 3.590456822928147357e-02 2.538836367049999987e-02 2.000000000000000000e+00
4.432780504226684570e+00 1.586879059147238369e+00 6.156677070413301145e-01 1.012151475542060614e-01 3.700000000000000000e+01
5.267915105819701793e+00 3.135768369683099799e+00 7.258999666753341851e-01 7.295569166041127041e-02 9.900000000000000000e+01
6.103049707412719904e+00 4.132637318990140862e+00 5.362417868461062387e-01 4.515970509485911499e-02 1.410000000000000000e+02
6.938184309005737127e+00 4.960106733484764163e+00 3.966940553143092352e-01 2.644627035428728096e-02 2.250000000000000000e+02
7.773318910598754350e+00 5.592408475626259090e+00 4.569086624741798830e-01 3.504329472187762973e-02 1.700000000000000000e+02
8.608453512191772461e+00 6.356421709556437705e+00 3.069279661613490973e-01 3.290613198138529066e-02 8.700000000000000000e+01
9.443588113784789684e+00 7.122656166940307898e+00 3.666616498115487510e-01 6.027880391273016808e-02 3.700000000000000000e+01
1.027872271537780691e+01 7.953403891087707400e+00 2.854259086757368613e-01 7.135647716893421533e-02 1.600000000000000000e+01
