2.393125694990158259e+00 -2.512130745504362217e+00 3.959743406689844591e-01 2.799961414629110190e-01 2.000000000000000000e+00
3.278305298089980724e+00 -1.395918552756991726e+00 1.842973330044377633e-01 8.242027293396766985e-02 5.000000000000000000e+00
4.163484901189804077e+00 -5.484885821699899688e-01 2.412855065996357129e-01 5.265281419469512031e-02 2.100000000000000000e+01
5.048664504289627430e+00 5.262780652134402271e-01 4.609170726513001637e-01 4.355256961640108920e-02 1.120000000000000000e+02
5.933844107389449896e+00 1.958304299305058116e+00 3.233809182897317003e-01 1.460886076617649507e-02 4.900000000000000000e+02
6.819023710489273249e+00 2.972020294583518130e+00 2.705523586807545011e-01 6.544557580982057927e-03 1.709000000000000000e+03
7.704203313589096602e+00 3.846134379984401885e+00 3.592458594141932360e-01 6.242328323181729754e-03 3.312000000000000000e+03
8.589382916688919067e+00 5.989632023503288494e+00 9.936875350094014347e-01 1.061266214653764500e-02 8.767000000000000000e+03
9.474562519788742421e+00 7.017090624621511452e+00 6.273841051302588845e-01 1.178302990666402726e-02 2.835000000000000000e+03
1.035974212288856577e+01 7.959098336878479785e+00 2.692300941946634274e-01 1.534080836735323382e-02 3.080000000000000000e+02
