3.186178040504455744e+00 -1.407094648252638525e+00 4.051583087631984159e-01 1.082831127711899044e-01 1.400000000000000000e+01
3.830446696281432750e+00 -6.800880437810042922e-01 5.934982996232038843e-01 5.583162358057287139e-02 1.130000000000000000e+02
4.474715352058410645e+00 3.973879701035368250e-01 3.778213377357489966e-01 2.138992118639887474e-02 3.120000000000000000e+02
5.118984007835388539e+00 1.299359840604948024e+00 2.548003617935533094e-01 7.312917886516334676e-03 1.214000000000000000e+03
5.763252663612365545e+00 2.205470708965738158e+00 7.956836182551337844e-01 1.282193755519530839e-02 3.851000000000000000e+03
6.407521319389343439e+00 3.519685544055912274e+00 8.659091225431063688e-01 2.004548162562060781e-02 1.866000000000000000e+03
7.051789975166320446e+00 4.426000115696463233e+00 7.125779002461382072e-01 3.095240606733137834e-02 5.300000000000000000e+02
7.696058630943298340e+00 5.003212016095330839e+00 9.111189948899914848e-01 7.136434739301102115e-02 1.630000000000000000e+02
8.340327286720276234e+00 5.548285857136121990e+00 9.620365022690383627e-01 1.581578267238179791e-01 3.700000000000000000e+01
8.984595942497254129e+00 6.775298849749684216e+00 1.700164254683707021e-01 5.667214182279023404e-02 9.000000000000000000e+00
