3.302293384075164706e+00 -2.031912691943092319e+00 7.575576771023084799e-01 1.785580568729904505e-01 1.800000000000000000e+01
3.871729147434234353e+00 -1.175740829217061689e+00 4.379514303576433898e-01 3.624511826858155261e-02 1.460000000000000000e+02
4.441164910793304443e+00 -9.888090711247232711e-02 3.298106690628306858e-01 1.992459117968635104e-02 2.740000000000000000e+02
5.010600674152374978e+00 8.045398864593330535e-01 2.895540212251729306e-01 1.250682882182709357e-02 5.360000000000000000e+02
5.580036437511443737e+00 1.474899153759974268e+00 2.887611800119154748e-01 8.339292680051738765e-03 1.199000000000000000e+03
6.149472200870514271e+00 1.970960268025473194e+00 7.508591204985403111e-01 1.692137313830199483e-02 1.969000000000000000e+03
6.718907964229584806e+00 3.089404906998010958e+00 1.008394612997964179e+00 5.159395677514452133e-02 3.820000000000000000e+02
7.288343727588653564e+00 4.006863075077404801e+00 1.089837508047289072e+00 1.095327908075391377e-01 9.900000000000000000e+01
7.857779490947723211e+00 4.492274722642148888e+00 1.105480026950849348e+00 3.191245955719138050e-01 1.200000000000000000e+01
8.427215254306792858e+00 6.061013249123764268e+00 2.373415189576869033e-01 1.186707594788434517e-01 4.000000000000000000e+00
