2.722357583045959650e+00 -1.373138957901972379e+00 3.603998690312191777e-01 1.801999345156095889e-01 4.000000000000000000e+00
3.546880221366881969e+00 -2.098099546286656333e-02 4.296093025678576205e-01 1.012598837021851383e-01 1.800000000000000000e+01
4.371402859687805176e+00 1.083686488503565748e+00 5.419725504601271560e-01 6.387207760788737865e-02 7.200000000000000000e+01
5.195925498008728383e+00 2.385103098391788468e+00 7.940935724526806405e-01 4.771245861300475732e-02 2.770000000000000000e+02
6.020448136329650701e+00 3.829087998341636823e+00 6.647922752681044711e-01 3.236158162176178826e-02 4.220000000000000000e+02
6.844970774650573908e+00 4.741778909472163406e+00 4.179647636406756406e-01 1.801974049945417183e-02 5.380000000000000000e+02
7.669493412971497115e+00 5.414984307797518603e+00 3.730112642306505633e-01 2.128887731206839315e-02 3.070000000000000000e+02
8.494016051292419434e+00 6.160892021279453346e+00 3.941400174199711226e-01 3.597989639273288520e-02 1.200000000000000000e+02
9.318538689613342640e+00 6.904864121094010265e+00 3.694955959117964261e-01 6.074470178168885071e-02 3.700000000000000000e+01
1.014306132793426585e+01 7.867961420698914132e+00 3.360447316154254738e-01 9.320203928376548375e-02 1.300000000000000000e+01
