2.712208902835846036e+00 -1.659610032417855097e+00 5.339682497185694876e-01 2.179916251095871116e-01 6.000000000000000000e+00
3.421859729290008367e+00 -8.129772194765458870e-01 5.004400681225261716e-01 7.149143830321802451e-02 4.900000000000000000e+01
4.131510555744171143e+00 1.295630840236705050e-01 3.730460857058279789e-01 2.750132230619734344e-02 1.840000000000000000e+02
4.841161382198333030e+00 1.120936575328293383e+00 2.719983370364597586e-01 9.568868105478774491e-03 8.080000000000000000e+02
5.550812208652496693e+00 2.092707722659986835e+00 7.255923177115802813e-01 1.383398755779420911e-02 2.751000000000000000e+03
6.260463035106658580e+00 3.535870746302157475e+00 7.975128522800594144e-01 1.704569878926048485e-02 2.189000000000000000e+03
6.970113861560820467e+00 4.467375870689636486e+00 6.070979643451244190e-01 2.117497312861481643e-02 8.220000000000000000e+02
7.679764688014984131e+00 5.079855106070190196e+00 6.936312148875796169e-01 4.326752640842295577e-02 2.570000000000000000e+02
8.389415514469146018e+00 5.876946573769313176e+00 4.523372151887878334e-01 5.610552643076297669e-02 6.500000000000000000e+01
9.099066340923309681e+00 6.928442439492441984e+00 1.618856723000997311e-01 4.881036672307829255e-02 1.100000000000000000e+01
