4.316198337078094305e+00 8.956641709321440104e-01 2.295715803898507879e-01 1.147857901949253939e-01 4.000000000000000000e+00
4.949544394016266224e+00 2.458217975266021593e+00 7.681289819896977011e-01 2.130406485179854037e-01 1.300000000000000000e+01
5.582890450954437256e+00 3.834966383073570295e+00 2.303731211516695521e-01 4.607462423033391319e-02 2.500000000000000000e+01
6.216236507892608287e+00 4.365751026531769163e+00 2.788316985004865578e-01 6.084606497769450006e-02 2.100000000000000000e+01
6.849582564830780207e+00 5.007373196329334419e+00 4.307290762052873312e-01 7.498030793777955838e-02 3.300000000000000000e+01
7.482928621768951238e+00 5.522180953380012802e+00 3.103379260503027481e-01 3.559820152634916163e-02 7.600000000000000000e+01
8.116274678707121382e+00 6.048957375536491377e+00 2.848197793938595512e-01 3.310962682207169161e-02 7.400000000000000000e+01
8.749620735645294189e+00 6.488656814155050689e+00 3.472836321688324013e-01 5.012607462945659065e-02 4.800000000000000000e+01
9.382966792583465221e+00 7.013024391287537185e+00 4.110821850841247516e-01 8.221643701682494754e-02 2.500000000000000000e+01
1.001631284952163625e+01 7.559115991203395168e+00 3.492069916406235208e-01 1.008073753133067046e-01 1.200000000000000000e+01
