3.584680199623107910e+00 -3.037886543459326072e-01 3.425806368278118130e-01 1.712903184139059065e-01 4.000000000000000000e+00
4.426284670829772949e+00 4.907411323392064650e-01 2.110581028900467282e-01 3.731015394448002065e-02 3.200000000000000000e+01
5.267889142036437988e+00 1.405401811438983239e+00 3.449936412859511692e-01 3.189467341962889946e-02 1.170000000000000000e+02
6.109493613243103027e+00 2.375087405281950836e+00 2.769878405536558286e-01 1.420917640994326207e-02 3.800000000000000000e+02
6.951098084449768066e+00 3.348923521698758954e+00 3.127511622961524074e-01 1.034488898622946441e-02 9.140000000000000000e+02
7.792702555656433105e+00 5.699854502140084378e+00 8.414900655547002950e-01 1.054005709870977844e-02 6.374000000000000000e+03
8.634307026863098145e+00 6.387208795320480803e+00 4.951608599773270059e-01 4.876125292868304512e-03 1.031200000000000000e+04
9.475911498069763184e+00 7.198953357581555856e+00 4.327039743670348937e-01 6.511429635972287855e-03 4.416000000000000000e+03
1.031751596927642822e+01 7.979593586520216775e+00 3.701811213373050191e-01 9.034183728318392892e-03 1.679000000000000000e+03
1.115912044048309326e+01 8.458897978938839657e+00 5.384652990418974383e-01 5.384652990418974106e-02 1.000000000000000000e+02
