5.163901114463806508e+00 2.739307720835393312e-01 3.923279379368308506e-01 1.132553202892200434e-01 1.200000000000000000e+01
5.678233456611632590e+00 1.228650977147115464e+00 2.604981781226765603e-01 4.341636302044609569e-02 3.600000000000000000e+01
6.192565798759460449e+00 1.947055016351375345e+00 2.188193701582926698e-01 2.526708445295892599e-02 7.500000000000000000e+01
6.706898140907288308e+00 2.651797165747773910e+00 1.768200488537204629e-01 1.234964790188952492e-02 2.050000000000000000e+02
7.221230483055114391e+00 3.170665515897824083e+00 1.456068772360509800e-01 7.005514147341235578e-03 4.320000000000000000e+02
7.735562825202942250e+00 3.594099949497098212e+00 1.512305726343680101e-01 7.066540585749237803e-03 4.580000000000000000e+02
8.249895167350770109e+00 4.098935670949922283e+00 3.931688261771753568e-01 1.737577144631472989e-02 5.120000000000000000e+02
8.764227509498596191e+00 5.693864010982565560e+00 1.039631784726341879e+00 4.291019598666222234e-02 5.870000000000000000e+02
9.278559851646424050e+00 6.752752295456985188e+00 7.600889076990365867e-01 5.183763325450381487e-02 2.150000000000000000e+02
9.792892193794250133e+00 7.320014760126706932e+00 3.009710462615340365e-01 4.947933521363003656e-02 3.700000000000000000e+01
