3.533192849159240811e+00 -1.712962808159893768e+00 5.941738131972408299e-01 7.051545832815862835e-02 7.100000000000000000e+01
4.097073245048523660e+00 -6.462355301584249423e-01 3.617806643284146029e-01 2.428112835233678379e-02 2.220000000000000000e+02
4.660953640937805176e+00 3.069831690532270896e-01 3.222208180633057695e-01 1.572276599267580580e-02 4.200000000000000000e+02
5.224834036827086692e+00 1.187450741360109419e+00 2.573661963574329081e-01 8.832784992702905763e-03 8.490000000000000000e+02
5.788714432716369984e+00 1.704477459102706982e+00 4.889109514854835248e-01 9.756777678416461361e-03 2.511000000000000000e+03
6.352594828605651500e+00 2.614125109038007544e+00 9.466275783962001533e-01 2.440118416848020486e-02 1.505000000000000000e+03
6.916475224494933016e+00 3.646528598633203000e+00 9.808622602063873375e-01 5.570923284505414907e-02 3.100000000000000000e+02
7.480355620384216309e+00 4.541147731435522417e+00 8.419911474485330949e-01 8.778364537573746240e-02 9.200000000000000000e+01
8.044236016273497825e+00 4.932320438751582437e+00 1.058562417986175674e+00 2.935923904867923651e-01 1.300000000000000000e+01
8.608116412162781117e+00 6.326947218158824882e+00 2.085694175690625818e-01 1.042847087845312909e-01 4.000000000000000000e+00
