1.676277363300323398e+00 -2.947818796123838236e+00 6.168218542012819938e-01 3.084109271006409969e-01 4.000000000000000000e+00
2.544684541225433527e+00 -2.012676989184940535e+00 3.341387058855286862e-01 8.627424288119671381e-02 1.500000000000000000e+01
3.413091719150543213e+00 -8.265858187716529359e-01 5.171846434374207657e-01 8.869643460695057768e-02 3.400000000000000000e+01
4.281498897075653787e+00 6.262582624674964960e-01 3.596396501984235883e-01 2.311851231262392753e-02 2.420000000000000000e+02
5.149906075000762584e+00 1.727188049450338880e+00 5.907099431231105369e-01 1.578175196705175823e-02 1.401000000000000000e+03
6.018313252925873158e+00 3.400544306810324269e+00 8.263310188927838196e-01 1.743609311689226296e-02 2.246000000000000000e+03
6.886720430850983732e+00 4.482140594176880377e+00 5.881796014041679177e-01 1.722505762581547084e-02 1.166000000000000000e+03
7.755127608776092529e+00 5.324467517455808263e+00 4.727398634237996999e-01 2.505516265118619412e-02 3.560000000000000000e+02
8.623534786701203103e+00 6.204045319619774013e+00 3.344035079721419113e-01 3.968639496970199909e-02 7.100000000000000000e+01
9.491941964626311901e+00 7.221184447963532982e+00 3.694825461638786002e-01 1.066604237442918268e-01 1.200000000000000000e+01
