3.244906783103942871e+00 -9.724930031192671187e-01 3.127863979757143365e-01 1.105866915357709007e-01 8.000000000000000000e+00
4.091282963752746582e+00 -5.672072289678097706e-03 1.952710910120148691e-01 3.829581167349294102e-02 2.600000000000000000e+01
4.937659144401550293e+00 8.358848169638097847e-01 2.724075905507269413e-01 2.551330842769663695e-02 1.140000000000000000e+02
5.784035325050354004e+00 1.917662703723967299e+00 3.031664740707487038e-01 1.491784694204140865e-02 4.130000000000000000e+02
6.630411505699157715e+00 2.875593612041560831e+00 2.746423542087000347e-01 8.265763526224587099e-03 1.104000000000000000e+03
7.476787686347961426e+00 3.864387659901660665e+00 4.602936445066283522e-01 8.994297102272836089e-03 2.619000000000000000e+03
8.323163866996765137e+00 6.067988492390347766e+00 7.078291160571780205e-01 6.166938160412339942e-03 1.317400000000000000e+04
9.169540047645568848e+00 6.770500382656145177e+00 5.736443079329478500e-01 7.027084798968158408e-03 6.664000000000000000e+03
1.001591622829437256e+01 7.745386327855100284e+00 3.649371430246232673e-01 7.755847470812155496e-03 2.214000000000000000e+03
1.086229240894317627e+01 8.307646829518066767e+00 5.987144653302148845e-01 3.341698278277364931e-02 3.210000000000000000e+02
