2.574563807249069303e+00 -1.702279292482399953e+00 0.000000000000000000e+00 0.000000000000000000e+00 1.000000000000000000e+00
3.023169475793838323e+00 nan nan nan 0.000000000000000000e+00
3.471775144338607788e+00 -6.354475789802089825e-01 5.612468762848073917e-02 3.968614721407545676e-02 2.000000000000000000e+00
3.920380812883377253e+00 -8.495258804728135493e-02 1.671191464429626072e-01 7.473795435764131467e-02 5.000000000000000000e+00
4.368986481428146718e+00 4.579796077357057293e-01 1.380455253751619316e-01 4.601517512505397950e-02 9.000000000000000000e+00
4.817592149972915294e+00 9.176699378557743314e-01 1.724543845688659982e-01 3.676739832874816039e-02 2.200000000000000000e+01
5.266197818517685647e+00 1.412563620209810411e+00 2.121933143278701694e-01 3.313902814619493903e-02 4.100000000000000000e+01
5.714803487062454224e+00 2.004209988431851830e+00 1.930289809596683337e-01 2.412862261995854171e-02 6.400000000000000000e+01
6.163409155607222800e+00 2.525879734287754363e+00 1.776087152401897018e-01 1.656209809468615901e-02 1.150000000000000000e+02
6.612014824151993153e+00 3.102774428031162213e+00 2.265825762669581023e-01 1.578675613484380874e-02 2.060000000000000000e+02
7.060620492696761730e+00 3.863554328164396257e+00 5.296080457527020391e-01 2.553996786279397885e-02 4.300000000000000000e+02
7.509226161241532083e+00 5.445236606090225528e+00 7.551354164464867402e-01 1.934972903948230585e-02 1.523000000000000000e+03
7.957831829786301547e+00 6.172892924521009128e+00 2.702879027852231886e-01 4.197705435050044960e-03 4.146000000000000000e+03
8.406437498331071012e+00 6.404344534663821698e+00 2.374820412421215776e-01 3.481856915817767295e-03 4.652000000000000000e+03
8.855043166875839589e+00 6.705030350391769645e+00 2.546314001190249088e-01 4.255694506620530219e-03 3.580000000000000000e+03
9.303648835420608165e+00 7.083206210724377172e+00 2.936894165676202095e-01 6.188766588301032080e-03 2.252000000000000000e+03
9.752254503965378518e+00 7.515686257167124573e+00 2.925567010153439229e-01 7.250748640030050228e-03 1.628000000000000000e+03
1.020086017251014709e+01 7.841232228762033962e+00 3.304067363561850601e-01 1.184565540466195159e-02 7.780000000000000000e+02
1.064946584105491567e+01 8.174700912631847061e+00 3.421189502645975988e-01 2.475485844007638270e-02 1.910000000000000000e+02
1.109807150959968602e+01 8.553980766018797866e+00 3.513481804517082363e-01 6.025571583986284036e-02 3.400000000000000000e+01
