2.463178396224975586e+00 -1.698773293389149286e+00 2.327663047940632945e-01 7.018168153085557748e-02 1.100000000000000000e+01
3.290950059890747070e+00 -4.944365213931862790e-01 4.949605518046565900e-01 1.080092473648547741e-01 2.100000000000000000e+01
4.118721723556518555e+00 5.308379151870804558e-01 3.585950348674145083e-01 3.373378325985205289e-02 1.130000000000000000e+02
4.946493387222290039e+00 1.671484293076537231e+00 5.729023665156591782e-01 2.399623952846452121e-02 5.700000000000000000e+02
5.774265050888061523e+00 3.227352636268000730e+00 8.134148393907180141e-01 2.344222595216195748e-02 1.204000000000000000e+03
6.602036714553833008e+00 4.360641513079011489e+00 5.545290131660300936e-01 1.645262154404455654e-02 1.136000000000000000e+03
7.429808378219604492e+00 5.101854468323645087e+00 4.341638730514544298e-01 1.863175513910615352e-02 5.430000000000000000e+02
8.257580041885375977e+00 5.875235977310751423e+00 4.394778562822291845e-01 3.485286108126325194e-02 1.590000000000000000e+02
9.085351705551147461e+00 6.609637233362266606e+00 3.471328219121914693e-01 5.706828438281522087e-02 3.700000000000000000e+01
9.913123369216918945e+00 7.594813653481941707e+00 3.166927658435841897e-01 8.783476967827334725e-02 1.300000000000000000e+01
