3.610919225215911688e+00 -9.199799386982323579e-01 2.991753425300155422e-01 1.337952806177797327e-01 5.000000000000000000e+00
4.385543072223663685e+00 1.645207376718788028e-02 2.057881470243440591e-01 3.429802450405734088e-02 3.600000000000000000e+01
5.160166919231414795e+00 9.045994739695538689e-01 3.441228961060575076e-01 2.828672781421126894e-02 1.480000000000000000e+02
5.934790766239165904e+00 1.985164817877498322e+00 2.914314744213992170e-01 1.370778348460053968e-02 4.520000000000000000e+02
6.709414613246917902e+00 2.904964027495276824e+00 2.491412514211086837e-01 6.684893899715293498e-03 1.389000000000000000e+03
7.484038460254669012e+00 3.673710673877601085e+00 2.686664938125574165e-01 5.465942298079308308e-03 2.416000000000000000e+03
8.258662307262419233e+00 5.696110489324533788e+00 9.964236159005013249e-01 1.040087759638202471e-02 9.178000000000000000e+03
9.033286154270172119e+00 6.492487040310826352e+00 8.410520525781838286e-01 9.938153873931808782e-03 7.162000000000000000e+03
9.807910001277923229e+00 7.476134625780795240e+00 4.105497728405744229e-01 9.584021556664448771e-03 1.835000000000000000e+03
1.058253384828567434e+01 8.189209657917460916e+00 4.094565397679580943e-01 2.318091182297861430e-02 3.120000000000000000e+02
