5.219573450088501154e+00 -4.462153458419443330e-01 9.619896791770289612e-02 6.802294255775484522e-02 2.000000000000000000e+00
5.682270383834838512e+00 7.225138193091054095e-01 6.950027729736550815e-03 4.914411737131260151e-03 2.000000000000000000e+00
6.144967317581176758e+00 1.641853747067477443e+00 1.977551317023711341e-01 6.591837723412370675e-02 9.000000000000000000e+00
6.607664251327515004e+00 2.442762490187632363e+00 1.704923092997676082e-01 3.555010397487860102e-02 2.300000000000000000e+01
7.070361185073852361e+00 2.935491824685670270e+00 1.273310585302815379e-01 1.919587933198755106e-02 4.400000000000000000e+01
7.533058118820190607e+00 3.357382787724731976e+00 1.166892036811676275e-01 1.273183592031119742e-02 8.400000000000000000e+01
7.995755052566528853e+00 3.689860386340165554e+00 1.632434427469603433e-01 2.263779243105521616e-02 5.200000000000000000e+01
8.458451986312866211e+00 4.095376311446643491e+00 2.919552096363633442e-01 4.128870170732251710e-02 5.000000000000000000e+01
8.921148920059204457e+00 5.059998142953737954e+00 1.017460201968688027e+00 1.771170869869201081e-01 3.300000000000000000e+01
9.383845853805542703e+00 6.680841744289789830e+00 7.743099563840478705e-01 2.235240308772687146e-01 1.200000000000000000e+01
