2.825288474559783936e+00 -2.095710406568450423e+00 4.296643988274980175e-01 2.148321994137490087e-01 4.000000000000000000e+00
3.481297075748443604e+00 -1.323842962277490098e+00 5.190080296400793047e-01 6.874429288348583855e-02 5.700000000000000000e+01
4.137305676937103271e+00 -3.281435040611074827e-01 4.419268613621464836e-01 2.913979430512864816e-02 2.300000000000000000e+02
4.793314278125762939e+00 7.159986260346465903e-01 3.634426888965302527e-01 1.581681283933597873e-02 5.280000000000000000e+02
5.449322879314422607e+00 1.538156945175012558e+00 3.796849923234836277e-01 8.171412038840959388e-03 2.159000000000000000e+03
6.105331480503082275e+00 2.448929695703101483e+00 8.844174397856632286e-01 1.468532357048133244e-02 3.627000000000000000e+03
6.761340081691741943e+00 3.811911283780645476e+00 8.804501619323706896e-01 3.191629343545392822e-02 7.610000000000000000e+02
7.417348682880401611e+00 4.783102597411606816e+00 6.393030186286121630e-01 4.329906399965392783e-02 2.180000000000000000e+02
8.073357284069061279e+00 5.489487890769884082e+00 4.910761675018817662e-01 8.300702247199781558e-02 3.500000000000000000e+01
8.729365885257720947e+00 6.464677441356859511e+00 2.249464867974679261e-01 7.498216226582264665e-02 9.000000000000000000e+00
