5.025565814971924006e+00 1.688961553354824743e-02 6.722099982215345992e-01 1.630348720743321767e-01 1.700000000000000000e+01
5.585192775726318004e+00 1.123052104964381792e+00 2.961170559660923352e-01 4.029642729178307958e-02 5.400000000000000000e+01
6.144819736480712891e+00 1.972851380986991199e+00 2.258569481806918522e-01 1.908839607149098033e-02 1.400000000000000000e+02
6.704446697235107777e+00 2.703417930106995382e+00 1.795587867274679450e-01 8.483355274952955952e-03 4.480000000000000000e+02
7.264073657989501775e+00 3.264498525166044107e+00 1.603619062092596637e-01 5.295616689406474134e-03 9.170000000000000000e+02
7.823700618743896662e+00 3.742232623578477302e+00 1.818464954964622571e-01 5.759136296092999714e-03 9.970000000000000000e+02
8.383327579498292437e+00 4.765840660033791920e+00 9.026542137124146103e-01 2.355106309407238932e-02 1.469000000000000000e+03
8.942954540252685547e+00 6.407006598461986613e+00 8.409388862573728973e-01 2.209175624235183363e-02 1.449000000000000000e+03
9.502581501007080433e+00 7.141677859058547462e+00 3.910762824464625309e-01 2.011479349073680423e-02 3.780000000000000000e+02
1.006220846176147532e+01 7.654322640378324216e+00 2.352825108476875871e-01 3.431948144440123694e-02 4.700000000000000000e+01
